	Mouse_x	Mouse_y	Mouse_z	Mouse_roll	Mouse_pitch	Mouse_yaw	Mouse_length	Mouse_width	Mouse_height	Monitor_x	Monitor_y	Monitor_z	Monitor_roll	Monitor_pitch	Monitor_yaw	Monitor_length	Monitor_width	Monitor_height
Akshaya_Table_131023_Aft_seg.xml	0.98	0.208	0	0	0	0.1040216	0.093	0.123	0.07	0.357	0.49	0	0	0	0.04869469	0.551	0.14	0.397
Akshaya_Table_131023_Eve_seg.xml	1.03	0.169	0.01	0	0	0.3089233	0.089	0.12	0.05264428	0.359	0.566	0.01	0	0	6.143559	0.5720679	0.116	0.3980958
Akshaya_Table_131023_Mor_seg.xml	0.998	0.251	0	0	0	0.3543018	0.08667532	0.1315339	0.053	0.337	0.51	0	0	0	0.04572763	0.571	0.179	0.4
Akshaya_Table_131024_Aft_seg.xml	0.811	0.152	0	6.108652	0	0.4101524	0.09960531	0.128	0.06462439	0.344	0.56	0	0	0	6.108652	0.555	0.1522318	0.391
Akshaya_Table_131024_Eve_seg.xml	0.873	0.1	0	0	0	0.3700098	0.07	0.116	0.03688097	0.351	0.558	0	0	0	6.213372	0.573	0.05	0.4257624
Akshaya_Table_131024_Mor_seg.xml	1.03	0.139	0	0	0	0.2251475	0.08016767	0.1189345	0.051	0.354	0.562	0	0	0	6.126106	0.562	0.1507397	0.4
Akshaya_Table_131028_Aft_seg.xml	1.02	0.189	0	0	0	0.1884956	0.08073156	0.1146175	0.05	0.372	0.549	-2.24e-10	6.178465	0	6.230825	0.5516626	0.0787674	0.404
Akshaya_Table_131029_Aft_seg.xml	0.932	0.134	0	0	0	5.899213	0.072	0.104	0.05432241	0.3	0.499	0	0	0	6.265732	0.54	0.09069477	0.398
Akshaya_Table_131029_Mor_seg.xml	0.964	0.12	0	0	0	6.230825	0.078	0.11	0.06	0.359	0.517	0	0	0	6.265732	0.555	0.107548	0.385
Akshaya_Table_131030_Aft_seg.xml	1.02	0.098	-0.01	0	0	0.2268928	0.06379772	0.1154216	0.05662402	0.383	0.517	-0.02	0	0	6.213372	0.548	0.14	0.4157718
Akshaya_Table_131101_Aft_seg.xml	0.978	0.105	-2.24e-10	0	0	0.2146755	0.078	0.123	0.04	0.913	0.554	0	0	0	5.707227	0.559	0.089	0.4382337
Akshaya_Table_131101_Eve_seg.xml	0.984	0.139	0	0	0	0.006248279	0.0966659	0.151	0.054	0.359	0.551	0	0	0	6.230825	0.582	0.111	0.3829894
Akshaya_Table_131101_Mor_seg.xml	0.958	0.0592	0	0	0	0.1780236	0.0989446	0.1365237	0.047	0.382	0.547	0	0	0	0.01396263	0.549	0.081	0.3923685
Akshaya_Table_131106_Aft_seg.xml	0.886	0.0632	0	0	0	0.04590216	0.092	0.135	0.05135276	0.463	0.442	0	0	0	0.08726646	0.4471852	0.2303747	0.4434721
Akshaya_Table_131106_Mor_seg.xml	0.922	0.0551	-0.015	0	0	0.06859144	0.08271107	0.1233064	0.05	0.457	0.484	-0.01	0	0	0.06527531	0.4377179	0.2009958	0.4709287
Akshaya_Table_131107_Mor_seg.xml	0.893	0.0614	0	0	0	0.2722714	0.07805742	0.126317	0.05566578	0.444	0.428	-0.01	0	0	0.1172861	0.4533543	0.2185771	0.4531882
Akshaya_Table_131108_Mor_seg.xml	0.911	0.0714	0	0	0	0.007539823	0.08052149	0.1284795	0.0541591	0.462	0.43	-0.02	0	0	0.1261873	0.4254988	0.2440992	0.4537297
Akshaya_Table_131109_Aft_seg.xml	0.931	0.0722	0.01	0	0	0.2094395	0.08267628	0.1224333	0.0628897	0.467	0.464	-0.02	0	0	0.07138397	0.4190196	0.238	0.4222634
Akshaya_Table_131109_Mor_seg.xml	0.95	0.061	0	0	0	0.2949606	0.081	0.1284826	0.04943519	0.455	0.455	-0.02	0	0	0.07068584	0.4192887	0.3275427	0.4485724
Akshaya_Table_131111_Aft_seg.xml	0.926	0.0608	0	0	0	0.2513274	0.06	0.106	0.044	0.466	0.472	0	0	0	0.09529497	0.408	0.136	0.4288177
Akshaya_Table_131111_Eve_seg.xml	0.925	0.0731	0	0	0	0.132645	0.064	0.1062904	0.048	0.466	0.485	0	0	0	0.08726646	0.406	0.12	0.433
Akshaya_Table_131112_Aft_seg.xml	1.62	0.266	0	0	0	0	0.053	0.108	0.035	1.11	0.496	0	0	0	6.213372	0.55	0.1142408	0.4
Akshaya_Table_131112_Eve_seg.xml	0.944	0.108	0	0	0	0.2495821	0.06261238	0.1024987	0.04	0.464	0.481	0	0	0	0.08255407	0.41	0.12	0.5
Akshaya_Table_131114_Mor_seg.xml	0.94	0.076	-0.01	0	0	0.1584759	0.07915732	0.1221546	0.0560415	0.46	0.482	-2.24e-10	0	0.05235988	0.08237953	0.4194153	0.12	0.4528066
Akshaya_Table_131115_Mor_seg.xml	0.981	0.106	-2.24e-10	0	0	0.4206243	0.08166754	0.1175464	0.04777266	0.48	0.385	-0.01	0	0	0.1677261	0.479	0.2201704	0.45
Akshaya_Table_131116_Aft_seg.xml	0.946	0.105	-0.02	0	0	0.1467822	0.094	0.1319211	0.054	0.465	0.477	-0.02	0	0	0.09354965	0.447	0.2116364	0.475
Ali_Table_131023_Aft_seg.xml	1.52	0.0854	0	0	0	0.1342158	0.088	0.1203505	0.06	0.137	0.449	0	0	0	0.2094395	0.498	0.17	0.495
Ali_Table_131023_Eve_seg.xml	1.53	0.0859	0	0	0	0.270526	0.081	0.1193505	0.049	0.137	0.46	0	0	0	0.1745329	0.498	0.196	0.4792161
Ali_Table_131023_Mor_seg.xml	1.53	0.098	0	0	0	0.286234	0.069	0.1123339	0.052	0.125	0.466	-2.24e-10	0	0	0.1366593	0.501	0.2	0.4646956
Ali_Table_131024_Aft_seg.xml	0.864	0.1	0	0	0	0.0270526	0.08	0.13	0.05	0.132	0.386	0	0	0	0.1740093	0.49	0.253	0.48
Ali_Table_131024_Eve_seg.xml	0.87	0.201	0	0	0	6.213372	0.079	0.143	0.044	0.124	0.418	0	0	0	0.150971	0.5	0.256	0.47
Ali_Table_131024_Mor_seg.xml	0.902	0.209	0	0	0	0.3403392	0.073	0.13	0.03	0.148	0.406	0	0	0	0.1577778	0.527	0.234	0.47
Ali_Table_131028_Mor_seg.xml	2.16	0.138	-0.02	0	0	5.969026	0.07581902	0.1385652	0.05679466	1.29	0.311	-0.02	0	0	0.06405359	0.5572885	0.203	0.5015591
Ali_Table_131029_Aft_seg.xml	0.982	0.105	0	0	0	0.3839724	0.05	0.1018478	0.04	0.145	0.447	0	0	0	0.1211258	0.4807504	0.2	0.46
Ali_Table_131029_Mor_seg.xml	1	0.125	0	0	0	0	0.055	0.088	0.05	0.14	0.453	0	0	0	0.1481784	0.4963238	0.1760516	0.475
Ali_Table_131030_Aft_seg.xml	1.4	0.194	-0.01	0	0	6.283185	0.079	0.1315257	0.058	0.847	0.506	-0.02	0	0	6.230825	0.568	0.22	0.482
Ali_Table_131101_Aft_seg.xml	0.967	0.171	0	0	0	0.1569051	0.067	0.122	0.039	0.133	0.477	0	0	0.01745329	0.1673771	0.507	0.237	0.492
Ali_Table_131101_Eve_seg.xml	1.47	0.173	0	0	0	6.073746	0.08672063	0.12	0.055	0.146	0.456	0	0	0	0.1762783	0.518	0.212	0.492
Ali_Table_131101_Mor_seg.xml	1.48	0.092	0	0	0	0.1410226	0.068	0.119	0.058	0.14	0.466	0	0	0	0.1815142	0.508	0.19	0.493
Ali_Table_131106_Aft_seg.xml	1.14	0.147	0	0	0	0.3630285	0.1120506	0.1495262	0.06	0.75	0.409	0	0	0	6.213372	0.5594077	0.2877761	0.528
Ali_Table_131106_Mor_seg.xml	1.26	-0.0165	0	0	0	0.2617994	0.09287189	0.123656	0.06	0.777	0.417	0	0	0	6.108652	0.55	0.2505007	0.5524433
Ali_Table_131107_Mor_seg.xml	2.63	0.0813	-0.02	0	0	0.05899213	0.0769219	0.1229765	0.06499961	2.22	0.456	-0.02	0	0	5.602507	0.5101001	0.219839	0.4469906
Ali_Table_131108_Mor_seg.xml	0.981	0.302	-0.01	0	0	0.06126106	0.07058195	0.1412186	0.05490055	0.629	0.509	-0.02	0	0	6.230825	0.5427881	0.2498946	0.5120336
Ali_Table_131109_Aft_seg.xml	1.02	0.253	-0.02	0	0	0.145735	0.08001175	0.1317394	0.05913648	0.603	0.506	-0.02	0	0	6.195919	0.5532683	0.294716	0.5228157
Ali_Table_131109_Mor_seg.xml	0.997	0.274	-0.02	0	0	0.03420845	0.08578575	0.1370302	0.0560489	0.603	0.522	-0.02	0	0	6.195919	0.5429753	0.289	0.5193902
Ali_Table_131111_Aft_seg.xml	1.03	0.192	0	0	0	0.2094395	0.04	0.08	0.045	0.15	0.45	0.01	0	0.01745329	0.1919862	0.493	0.19	0.482
Ali_Table_131111_Eve_seg.xml	1.03	0.09	0	0	0	0.1937315	0.05	0.1	0.046	0.15	0.44	0.015	0	0	0.1745329	0.4980815	0.2	0.467
Ali_Table_131112_Aft_seg.xml	1.02	0.096	0	0	0	0.1574287	0.06	0.1173414	0.06	0.592	0.53	-0.02	0	0	6.195919	0.55	0.18	0.49
Ali_Table_131112_Eve_seg.xml	0.914	0.272	-0.02	0	0	0.3665192	0.05521205	0.1289077	0.05	0.565	0.512	-0.02	0	0	6.265732	0.53	0.2027991	0.5
Ali_Table_131114_Eve_seg.xml	0.99	0.131	-0.01	0	0	6.230825	0.09134176	0.1500035	0.06394967	0.63	0.517	-0.01	0	0	6.248279	0.5388228	0.2098675	0.5167578
Ali_Table_131115_Mor_seg.xml	1.52	0.0857	0.01	0	0	0.1713913	0.07789125	0.091	0.049	0.148	0.432	0.01	0	0	0.1410226	0.504	0.199	0.47
Ali_Table_131116_Aft_seg.xml	0.982	0.246	0	0	0	0.1350885	0.08221392	0.1446748	0.05831897	0.622	0.498	2.24e-10	0	0	6.213372	0.551	0.2939475	0.518
Carl_Table_131023_Aft_seg.xml	0.942	0.169	0.01	0	0	0.3298672	0.079	0.12	0.04667224	0.423	0.454	0.01	0	0	0.02199115	0.5440965	0.221	0.531
Carl_Table_131023_Mor_seg.xml	1.44	0.0588	2.24e-10	0	0	6.126106	0.07821946	0.113	0.039	0.416	0.447	2.24e-10	0	0	0.03717551	0.547	0.239	0.499
Carl_Table_131024_Aft_seg.xml	1.01	0.32	-0.01	0	0	3.316126	0.06630993	0.1385181	0.045	0.415	0.442	-0.01	0	0	0.04258604	0.558	0.1601468	0.51
Carl_Table_131028_Aft_seg.xml	0.93	0.114	0	0	0	0.04852015	0.08334541	0.1108419	0.0440001	0.412	0.434	-0.01	0	0	0.0286234	0.5554685	0.22	0.5221601
Carl_Table_131028_Mor_seg.xml	0.965	0.192	2.24e-10	0	0	0.2373648	0.08145884	0.127	0.05268051	0.406	0.427	-0.01	0	0	0.06091199	0.5623482	0.29	0.5248047
Carl_Table_131029_Mor_seg.xml	0.932	0.181	0	0	0	0.1333431	0.07229987	0.1056293	0.06	0.405	0.417	0	0	0.03490658	0.08325221	0.54	0.1817062	0.545
Carl_Table_131030_Aft_seg.xml	0.95	0.179	-2.24e-10	0	0	0.3508112	0.07486421	0.1267293	0.04473663	0.407	0.445	-0.02	0	0	0.03543018	0.5697713	0.24899	0.5573174
Carl_Table_131101_Aft_seg.xml	1.39	0.0351	0	0	0	6.108652	0.09341123	0.1374082	0.047	0.406	0.456	0	0	0	0.03735005	0.5509801	0.227	0.52
Carl_Table_131101_Eve_seg.xml	1.39	0.033	0	0	0	6.161012	0.08424247	0.1372699	0.056	0.396	0.46	-0.02	0	0	0.01745329	0.562	0.247	0.517
Carl_Table_131101_Mor_seg.xml	0.952	0.186	-0.02	0	0	0.2356194	0.08333375	0.1346672	0.05	0.419	0.467	2.24e-10	0	0	0.03752458	0.559	0.232	0.519
Carl_Table_131106_Aft_seg.xml	1	0.2	0	0	0	0.1682497	0.083216	0.1343555	0.05795229	0.39	0.416	0	0	0	0.0842994	0.567	0.3488192	0.5297692
Carl_Table_131106_Mor_seg.xml	1	0.158	0	0	0	0.02722714	0.08	0.1404238	0.06048038	0.41	0.432	0.001	0	0	0.04310963	0.566	0.3184972	0.549
Carl_Table_131107_Mor_seg.xml	0.989	0.192	2.24e-10	0	0	0.1972222	0.08324628	0.1106414	0.05417877	0.397	0.421	-0.02	0	0	0.06300639	0.5935958	0.28	0.5317248
Carl_Table_131108_Mor_seg.xml	1.03	0.156	-0.01	0	0	0.011397	0.0825363	0.1266218	0.04979357	0.429	0.429	-0.02	0	0	0.09512044	0.5317656	0.243	0.5171365
Carl_Table_131109_Aft_seg.xml	1.36	0.0347	-0.01	0	0	5.585053	0.089	0.138964	0.05471554	0.398	0.434	-0.02	0	0	0.003316126	0.542	0.276	0.5105731
Carl_Table_131109_Mor_seg.xml	0.986	0.19	-0.02	0	0	0.2199115	0.07807419	0.1319682	0.04867176	0.358	0.44	-0.02	0	0	0	0.5736963	0.247	0.5374746
Carl_Table_131111_Aft_seg.xml	1.05	0.206	0	0	0	0.3438299	0.062	0.1102753	0.047	0.424	0.458	0.005	0	0	0.03490658	0.53	0.204	0.5093555
Carl_Table_131111_Eve_seg.xml	1.02	0.194	0	0	0	6.265732	0.066	0.1	0.037	0.414	0.437	-0	0	0	0.06283185	0.53	0.222	0.5025553
Carl_Table_131112_Aft_seg.xml	0.981	0.221	0.01	0	0	0.2775073	0.06	0.1	0.05683935	0.352	0.396	0.01	0	0	0.1214749	0.5189037	0.1975365	0.52
Carl_Table_131114_Eve_seg.xml	0.88	0.132	0	0	0	0.4153883	0.07294856	0.1218899	0.04859506	0.305	0.434	-0.01	0	6.248279	0.08290314	0.5601736	0.2512785	0.522065
Carl_Table_131115_Mor_seg.xml	1.03	0.192	-0	0	0	0.5061455	0.055	0.1113714	0.04	0.432	0.459	-0	0	0	0.03490658	0.52	0.192	0.4995597
Carl_Table_131116_Aft-seg.xml	0.866	0.175	0.02	0	0	0.2391101	0.08458591	0.1278082	0.058	0.273	0.449	0	0	0	0.01226966	0.5831459	0.2466613	0.52
David_Table_131023_Aft_seg.xml	1.72	0.32	0.04	0	0	5.864306	0.07	0.128	0.046	1.3	0.524	0.04	0	0	6.265732	0.414	0.123	0.373
David_Table_131023_Mor_seg.xml	1.7	0.311	0.04	0	0	5.969026	0.07	0.1224888	0.042	1.28	0.527	0.03	0	0	6.248279	0.407	0.128	0.369
David_Table_131024_Aft_seg.xml	0.918	0.294	0	0	0	5.916666	0.069	0.1256665	0.05	0.482	0.473	0	0	0	0	0.42	0.1495445	0.38
David_Table_131028_Aft_seg.xml	1.71	0.301	-0.01	0	0	5.986479	0.08526508	0.1126477	0.06513675	1.28	0.493	-0.01	0	0	0.01256637	0.4273877	0.15	0.3883854
David_Table_131028_Mor_seg.xml	1.69	0.295	-0.02	0	0	6.003932	0.08081911	0.1121618	0.0638807	1.26	0.47	-0.02	0	0	6.248279	0.422039	0.18	0.3804016
David_Table_131029_Aft_seg.xml	1.7	0.301	0.02	0	0	5.986479	0.06547203	0.09446799	0.05	1.26	0.474	0.04	0	0.05235988	0.02617994	0.4084242	0.13	0.37
David_Table_131029_Mor_seg.xml	1.27	0.472	0.04	0	0	0.02146755	0.4	0.13	0.37									
David_Table_131030_Aft_seg.xml	1.7	0.303	-0.01	0	0	6.021386	0.07969401	0.112	0.053	1.27	0.505	0	6.283185	0.01745329	6.283185	0.4264636	0.13	0.3848474
David_Table_131101_Aft_seg.xml	1.7	0.355	0.04	0	0	5.934119	0.08262251	0.1290787	0.04773536	1.28	0.572	0.04	0	0	6.248279	0.219	0.118	0.373
David_Table_131101_Eve_seg.xml	1.7	0.3	0.05	0	0	5.88176	0.08342432	0.128	0.055	1.28	0.496	0.05	0	0	0.001989675	0.419	0.128	0.3960763
David_Table_131101_Mor_seg.xml	1.72	0.337	0.06	0	0	5.8294	0.084	0.1431885	0.049	1.3	0.536	0.05	0	0	0.001989675	0.419	0.125	0.3960763
David_Table_131106_Aft_seg.xml	1.67	0.3	0.06	0	0	6.021386	0.092	0.1491834	0.05767575	1.28	0.51	0.04	0	0	6.265732	0.4342601	0.2	0.4172159
David_Table_131106_Mor_seg.xml	1.69	0.281	0.04	0	0	6.126106	0.094	0.156	0.07488933	1.28	0.524	0.01	0	0	6.248279	0.4457288	0.1881632	0.42
David_Table_131107_Mor_seg.xml	1.13	0.273	0.04	0	0	0.7539822	0.085	0.135	0.073	1.2	0.543	0.04	0	0	0.0434587	0.425	0.2323483	0.3857215
David_Table_131108_Mor_seg.xml	1.7	0.309	0.02	0	0	6.108652	0.07814977	0.1428054	0.06380104	1.26	0.478	-0.01	0	0	6.265732	0.4179786	0.1875925	0.4211003
David_Table_131109_Aft_seg.xml	1.69	0.312	-0.02	0	0	6.248279	0.08649804	0.149996	0.05382255	1.26	0.467	-0.02	0	0	0.01045452	0.4277484	0.2223495	0.3941482
David_Table_131109_Mor_seg.xml	1.66	0.311	0.04	0	0	6.283185	0.084	0.3074647	0.076	1.23	0.47	0.04	0	0	6.265732	0.4247288	0.231	0.4090251
David_Table_131111_Aft_seg.xml	1.02	0.15	0.02	0	0	1.555088	0.057	0.107	0.05	1.19	0.488	0.01	0	0.03490658	0.01623156	0.412	0.132	0.363
David_Table_131111_Eve_seg.xml	1.7	0.254	0.008	0	0	0.02792527	0.073	0.1176991	0.043	1.26	0.466	0.025	0	0.05235988	0.01396263	0.41	0.14	0.364
David_Table_131112_Aft_seg.xml	1.67	0.251	0	0	0	6.161012	0.07	0.1287682	0.12	1.26	0.525	0	0	0	0.01954769	0.406	0.13	0.42
David_Table_131112_Eve_seg.xml	1.7	0.29	0	0	0	6.021386	0.068	0.1	0.04	1.27	0.5	0	0	0	0.02513274	0.41	0.115	0.37
David_Table_131114_Eve_seg.xml	1.68	0.301	-0.01	0	0	0.02530728	0.07837754	0.129031	0.06002964	1.27	0.509	-0.02	0	0	6.265732	0.4167966	0.14	0.3960085
David_Table_131115_Mor_seg.xml	1.08	0.0922	0.04	0	0	1.537635	0.063	0.119	0.049	1.26	0.483	0.04	0	0	0.02565634	0.4152706	0.134	0.389
David_Table_131116_Aft_seg.xml	1.68	0.266	0.03	0	0	0.001713913	0.09752122	0.1322022	0.065	1.27	0.481	-0.02	0	0	6.283185	0.4439789	0.2387985	0.428
Florian_Table_131023_Aft_seg.xml	1.02	0.261	-0.01	0	0	0.02443461	0.077	0.134	0.048	0.283	0.402	-0.01	0	0	0.4014257	0.346	0.144	0.457
Florian_Table_131024_Aft_seg.xml	1.03	0.264	0.01	0	0	5.934119	0.063	0.1207151	0.026	0.596	0.506	0.01	0	0	6.161012	0.55	0.1618986	0.42
Florian_Table_131028_Aft_seg.xml										0.576	0.508	-0.01	0	0	6.248279	0.55	0.2	0.42
Florian_Table_131028_Mor_seg.xml	0.952	0.254	0	0	0	0.2408554	0.153	0.758	0.058	0.297	0.395	0	0	0	0.3752458	0.338	0.12	0.44
Florian_Table_131029_Aft_seg.xml	1.09	0.21	0	0	0	6.073746	0.068	0.1	0.05	0.29	0.4	-0.005	0	6.248279	0.3822271	0.34	0.143862	0.432
Florian_Table_131029_Mor_seg.xml	1.04	0.23	0	0	0	6.091199	0.08	0.11	0.043	0.3	0.39	-0.005	0	0	0.3769911	0.34	0.106	0.455
Florian_Table_131030_Aft_seg.xml	1.05	0.275	-0.01	0	0	6.038839	0.07294655	0.1325583	0.06379959	0.59	0.534	-2.24e-10	0	0	6.230825	0.5427801	0.16	0.4381266
Florian_Table_131101_Aft_seg.xml	1.02	0.378	-0.01	0	0	6.161012	0.086	0.119	0.041	0.298	0.406	-0.02	0	0	0.4328416	0.3449652	0.111	0.446
Florian_Table_131101_Eve_seg.xml	1.05	0.24	-0.01	0	0	6.265732	0.07599073	0.134879	0.067	0.294	0.412	0.01	0	0	0.3857178	0.356	0.117	0.4561347
Florian_Table_131101_Mor_seg.xml	0.977	0.283	-2.24e-10	0	0	6.038839	0.07324515	0.1460304	0.045	0.301	0.384	-2.24e-10	0	0	0.4066617	0.353	0.131	0.455
Florian_Table_131106_Aft_seg.xml	1.41	0.135	0	0	0	6.073746	0.07877427	0.1486313	0.05547921	0.955	0.381	0	0	0	6.038839	0.56	0.175	0.466163
Florian_Table_131106_Mor_seg.xml	1.07	0.365	0	0	0	6.230825	0.085	0.1525403	0.06	0.582	0.517	-0.001	0	0	6.248279	0.56	0.166	0.4528088
Florian_Table_131107_Mor_seg.xml	1.06	0.374	-0.02	0	0	0	0.072	0.1373123	0.06	0.56	0.503	-0.01	0	0	6.265732	0.5592898	0.1781373	0.4294998
Florian_Table_131109_Aft_seg.xml	1.06	0.39	-0.01	0	0	6.091199	0.07770427	0.1416137	0.04976913	0.575	0.536	-0.01	0	0	6.230825	0.5509441	0.319	0.4365882
Florian_Table_131111_Aft_seg.xml	1.07	0.385	0.01	0	0	6.143559	0.07074311	0.1060857	0.041	0.302	0.407	0.008	0	0	0.4014257	0.334	0.105	0.448
Florian_Table_131111_Eve_seg.xml	1.08	0.386	0.005	0	0	6.230825	0.06	0.1129819	0.044	0.302	0.41	0.01	0	0	0.4171337	0.336	0.11	0.446
Florian_Table_131112_Aft_seg.xml	1.1	0.373	0	0	0	6.195919	0.05807468	0.101705	0.035	0.618	0.534	0	0	0	6.213372	0.52	0.13	0.42
Florian_Table_131114_Eve_seg.xml	1.1	0.284	-0.01	0	0	6.230825	0.0719628	0.1165689	0.06040772	0.573	0.568	-0.02	0	0	6.213372	0.5488591	0.15	0.4467578
Florian_Table_131115_Mor_seg.xml	1.1	0.261	0	0	0	6.213372	0.073	0.114	0.046	0.296	0.409	0	0	0	0.429351	0.3457156	0.12	0.449
Florian_Table_131116_Aft_seg.xml	1.11	0.159	0.02	0	0	6.108652	0.08705653	0.1480059	0.05452615	0.641	0.449	0.03	0	0	6.126106	0.5703236	0.1908405	0.446
Francisco_Table_131023_Aft_seg.xml	1.35	0.144	0	0	0	0	0.109	0.157	0.062	0.85	0.481	0	0	0	6.195919	0.583	0.277	0.469
Francisco_Table_131023_Eve_seg.xml	1.35	0.203	0	0	0	6.265732	0.084	0.147	0.04412335	0.848	0.53	0	0	0	6.265732	0.568	0.219	0.469
Francisco_Table_131023_Mor_seg.xml	1.35	0.197	0	0	0	6.195919	0.082	0.145	0.061	0.846	0.517	0	0	0	6.230825	0.569	0.242	0.466
Francisco_Table_131024_Aft_seg.xml	0.733	0.0376	0	0	0	0.2338741	0.08	0.1192651	0.04612091	0.163	0.215	0	0	0	0.1832596	0.562423	0.24	0.47
Francisco_Table_131024_Mor_seg.xml	0.692	0.168	0	0	0	0.009040806	0.12	0.16	0.07	0.176	0.53	0	0	0	6.213372	0.63	0.22	0.46
Francisco_Table_131028_Aft_seg.xml	1.39	0.268	0	0	0	6.091199	0.083	0.149	0.059	0.856	0.508	0	0	0	0.005235988	0.573	0.25	0.472
Francisco_Table_131028_Mor_seg.xml	1.36	0.282	0.05	0	0	5.951573	0.08399519	0.128	0.06	0.866	0.507	0.05	0	0	6.248279	0.557	0.23	0.468
Francisco_Table_131029_Aft_seg.xml	1.39	0.284	-0.01	0	0	0.01745329	0.098	0.155	0.06	0.84	0.559	-0.02	0	0	6.195919	0.59	0.27	0.48
Francisco_Table_131029_Mor_seg.xml	1.38	0.304	-0.01	0	0	6.213372	0.086	0.15	0.07	0.82	0.542	0	0	0	6.265732	0.6	0.274	0.48
Francisco_Table_131030_Aft_seg.xml	0.963	0.15	-0.02	0	0	0.09128072	0.08071484	0.1475821	0.07469562	0.607	0.521	-0.02	0	0	6.195919	0.541	0.229	0.5183808
Francisco_Table_131101_Aft_seg.xml										0.867	0.49	-2.24e-10	0	0	0.03665191	0.558	0.229	0.469
Francisco_Table_131101_Eve_seg.xml	1.39	0.246	0.01	0	0	6.248279	0.087	0.129	0.05	0.839	0.51	-2.24e-10	0	0	6.230825	0.577	0.239	0.474
Francisco_Table_131101_Mor_seg.xml	1.36	0.223	0	0	0	6.265732	0.08464993	0.1510724	0.048	0.853	0.549	0	0	0	6.213372	0.556	0.228	0.041
Francisco_Table_131106_Aft_seg.xml	1.38	0.242	0	0	0	0.09180433	0.08891551	0.1432398	0.0536669	0.86	0.533	0	0	0	0	0.589	0.288791	0.47
Francisco_Table_131106_Mor_seg.xml	1.38	0.181	-0.01	0	0	6.213372	0.08568215	0.1442456	0.07097217	0.857	0.545	-0.01	0	0	6.213372	0.58	0.3014824	0.48
Francisco_Table_131107_Mor_seg.xml	1.32	0.303	-0.02	0	0	6.073746	0.08341039	0.1448294	0.05944741	0.873	0.668	-0.02	6.283185	0	6.126106	0.58	0.234514	0.4742698
Francisco_Table_131108_Mor_seg.xml	0.796	0.13	-0.02	0	0	6.091199	0.07737073	0.1290958	0.05255941	0.235	0.5	-0.02	0	0	6.265732	0.5671844	0.3161213	0.4353327
Francisco_Table_131109_Aft_seg.xml	1.38	0.106	-0.02	0	0	6.073746	0.08286995	0.1414953	0.06167946	0.838	0.516	-0.02	0	0	6.161012	0.5743446	0.3148057	0.4724786
Francisco_Table_131109_Mor_seg.xml	1.38	0.233	-0.02	0	0	6.038839	0.0730581	0.1340016	0.04302064	0.884	0.605	-0.02	0	0	6.126106	0.5731704	0.275	0.4668132
Francisco_Table_131111_Aft_seg.xml	0.77	0.068	0	0	0	0	0.07	0.106	0.04	0.27	0.55	0	0	0	6.213372	0.5363432	0.194	0.456
Francisco_Table_131111_Eve_seg.xml	0.736	0.163	0	0	0	6.230825	0.065	0.096	0.045	0.225	0.508	0	0	0	6.248279	0.552	0.186	0.465
Francisco_Table_131112_Aft_seg.xml	1.37	0.153	0	0	0	6.108652	0.065	0.1110173	0.035	0.833	0.536	0	0	0	6.248279	0.56	0.21	0.46
Francisco_Table_131112_Eve_seg.xml										0.843	0.547	0	0	0	6.213372	0.56	0.19	0.48
Francisco_Table_131114_Eve_seg.xml	1.33	0.152	-0.02	0	0	6.195919	0.07890213	0.13389	0.04825023	0.847	0.503	-0.03	0	0	6.248279	0.5610173	0.2484004	0.4784227
Francisco_Table_131115_Mor_seg.xml	1.2	0.0809	-2.24e-10	0	0	6.248279	0.074	0.116	0.03724307	0.689	0.529	-2.24e-10	0	0	6.195919	0.552	0.229	0.4547817
Francisco_Table_131116_Aft_seg.xml	1.32	0.133	0	0	0	0.08080874	0.08960477	0.1396289	0.057	0.797	0.535	-0.006	0	0	6.195919	0.587	0.271	0.49
Hossein_Table_131023_Aft_seg.xml	2.05	-0.0084	0	0	0	6.230825	0.1	0.144622	0.057	1.46	0.098	0	0	0	0.2932153	0.4523285	0.139	0.483
Hossein_Table_131023_Eve_seg.xml										1.45	0.195	-2.24e-10	0	0.03490658	0.3001966	0.439	0.18	0.494
Hossein_Table_131023_Mor_seg.xml	2.03	0.0388	-2.24e-10	0	0	6.038839	0.102	0.145	0.045	1.44	0.195	-0.01	0	0	0.3403392	0.419	0.164	0.489
Hossein_Table_131024_Aft_seg.xml	1.46	0.159	-0.01	0	0	6.230825	0.083	0.13	0.065	1.16	0.355	0	0	0	6.178465	0.51	0.2716248	0.5238318
Hossein_Table_131024_Eve_seg.xml	1.52	0.166	-0.02	0	0	6.178465	0.073	0.1129931	0.05	1.24	0.389	-0.02	0	0	6.143559	0.4938642	0.2555606	0.515
Hossein_Table_131024_Mor_seg.xml	0.733	0.22	-0.01	0	0	6.143559	0.07749378	0.14	0.05047941	0.499	0.442	0.01	0	0	6.108652	0.5	0.2465953	0.5200001
Hossein_Table_131028_Aft_seg.xml	1.53	0.0632	2.24e-10	0	0	0.1471313	0.156	0	0.052	0.875	0.208	2.24e-10	0	0	0.3490658	0.429	0.06	0.493
Hossein_Table_131028_Mor_seg.xml	1.67	0.0271	0	0	0	0.0863938	0.086	0.136	0.129	1.04	0.172	0	0	0	0.3246312	0.41	0.069	0.493
Hossein_Table_131029_Aft_seg.xml	1.41	0.165	0	0	0	0.3141593	0.075	0.13	0.08	0.75	0.228	0	0	0	0.4363323	0.428	0.1	0.5
Hossein_Table_131029_Mor_seg.xml	1.42	0.189	0	0	0	0.1832596	0.075	0.104	0.05	0.76	0.243	-0.02	0	0	0.3839724	0.44	0.18	0.49
Hossein_Table_131030_Aft_seg.xml																		
Hossein_Table_131101_Aft_seg.xml	1.43	0.0632	0.01	0	0	0.3403392	0.067	0.126	0.046	0.742	0.168	-0.02	0	0	0.3001966	0.428	0.152	0.509
Hossein_Table_131101_Eve_seg.xml	1.51	0.0645	2.24e-10	0	0	0.1762783	0.06601699	0.11	0.051	1.23	0.337	0.07	0	0	6.091199	0.5079882	0.197	0.452
Hossein_Table_131101_Mor_seg.xml	1.57	0.0676	0	0	0	0.3717551	0.0700297	0.1261328	0.046	0.894	0.163	-0.01	0	0	0.3298672	0.4397881	0.138	0.494
Hossein_Table_131106_Aft_seg.xml	0.668	0.219	0	0	0	6.213372	0.095	0.1553981	0.05220476	0.0639	0.308	-0.004	0	0	0.3525565	0.4344738	0.2059075	0.502
Hossein_Table_131106_Mor_seg.xml	0.695	0.2	0	0	0	0.2897246	0.096	0.134	0.0366872	0.0634	0.327	-0.01	0	0	0.3193952	0.458297	0.1753465	0.533
Hossein_Table_131107_Mor_seg.xml	1.63	0.195	-0.02	0	0	6.021386	0.07000001	0.1435785	0.06	1.05	0.264	-0.02	0	0	0.3752458	0.425	0.2	0.4834529
Hossein_Table_131108_Mor_seg.xml	1.26	0.211	-0.01	0	0	5.951573	0.07272578	0.1208595	0.04795985	1.02	0.411	-0.02	0	0	6.143559	0.521	0.2624732	0.545988
Hossein_Table_131109_Aft_seg.xml	1.54	0.216	0	0	0	6.091199	0.072	0.121	0.05205517	1.27	0.398	-0.01	0	0	6.126106	0.5209374	0.3244057	0.5396098
Hossein_Table_131109_Mor_seg.xml	1.7	0.214	0	0	0	6.108652	0.08172151	0.1209358	0.05177447	1.43	0.428	0	0	0	6.091199	0.524	0.276794	0.5371365
Hossein_Table_131111_Aft_seg.xml	1.44	0.16	0.006	0	0	6.265732	0.06	0.1	0.04586291	0.825	0.259	0.01	0	0	0.3141593	0.408	0.17	0.476
Hossein_Table_131111_Eve_seg.xml	1.37	0.206	0.005	0	0	6.143559	0.062	0.1042682	0.045	0.748	0.275	-0.005	0	0	0.3403392	0.414	0.16	0.496
Hossein_Table_131112_Aft_seg.xml	1.89	0.152	0	0	0	6.178465	0.05440315	0.09913643	0.05	1.27	0.281	0	0	0	0.3508112	0.405	0.095	0.49
Hossein_Table_131112_Eve_seg.xml	1.82	0.209	0	0	0	6.178465	0.06098148	0.09632803	0.04	1.2	0.33	0	0	0	0.3490658	0.415	0.06	0.49
Hossein_Table_131113_Mor_seg.xml	1.16	0.166	-0	0	0	6.126106	0.056	0.1	0.04263997	0.555	0.24	-0.005	0	0.01745329	0.3490658	0.412	0.184	0.488
Hossein_Table_131114_Eve_seg.xml	1.34	0.203	-2.24e-10	0	0	6.213372	0.08413949	0.1214775	0.04958129	1.07	0.422	-0.01	0	0	6.126106	0.5146248	0.2434065	0.5387679
Hossein_Table_131114_Mor_seg.xml	1.34	0.203	-2.24e-10	0	0	6.213372	0.08413949	0.1214775	0.04958129	1.07	0.422	-0.01	0	0	6.126106	0.5146248	0.2434065	0.5387679
Hossein_Table_131115_Mor_seg.xml	1.44	0.152	0.05	0	0	6.161012	0.06	0.1041145	0.05	0.81	0.228	0.05	0	0	0.3316126	0.416	0.17	0.475
Hossein_Table_131116_Aft_seg.xml	0.85	0.099	0.01	0	0	6.178465	0.08378653	0.1232908	0.06588251	0.247	0.193	-0.02	0	0	0.3316126	0.452	0.2172416	0.523
Kaiyu_Table_131023_Aft_seg.xml										0.479	0.543	0	0	0	6.283185	0.5539932	0.143	0.429
Kaiyu_Table_131024_Aft_seg.xml	0.98	0.269	-0.02	0	0	0.1762783	0.08416315	0.1327254	0.05	0.477	0.534	-0.02	0	0	0.02146755	0.54	0.1544616	0.4290664
Kaiyu_Table_131028_Aft_seg.xml	1.03	0.247	0	0	0	6.265732	0.082	0.28	0.237	0.486	0.519	0	0	0	0.0009773844	0.559	0.179	0.413
Kaiyu_Table_131028_Mor_seg.xml	1.03	0.291	0	0	0	6.161012	0.072	0.102	0.06	0.468	0.529	0	0	0	6.283185	0.559	0.19	0.41
Kaiyu_Table_131029_Aft_seg.xml	1.11	0.233	-0.01	0	0	6.108652	0.064	0.12	0.05	0.583	0.502	-0.001	0	0	6.213372	0.555	0.235	0.436
Kaiyu_Table_131029_Mor_seg.xml	1.13	0.254	-0.01	0	0	0.4014257	0.09	0.14	0.065	0.54	0.45	-0.02	0	0	0.02617994	0.6	0.22	0.46
Kaiyu_Table_131030_Aft_seg.xml	0.996	0.272	-0.01	0	0	6.283185	0.07776614	0.1293472	0.06780227	0.465	0.522	-0.01	0	6.265732	6.283185	0.593	0.1632209	0.4555023
Kaiyu_Table_131101_Aft_seg.xml	1.03	0.307	0	0	0	0.007958701	0.0888501	0.1299591	0.048	0.482	0.518	0	0	0	0.03298672	0.55	0.15	0.416
Kaiyu_Table_131101_Eve_seg.xml	1.03	0.27	0	0	0	0.06579891	0.0900399	0.1515109	0.051	0.477	0.521	-0.01	0	0	0.001144936	0.563	0.184	0.43
Kaiyu_Table_131101_Mor_seg.xml	1.03	0.31	0	0	0	0.03403392	0.07512879	0.1160496	0.03885096	0.474	0.536	-0.01	0	0	0.01076868	0.55	0.169	0.427
Kaiyu_Table_131106_Aft_seg.xml	1.1	0.308	0	0	0	6.265732	0.08098698	0.126	0.065	0.53	0.494	0	0	0	0.002897247	0.5696404	0.2158748	0.427
Kaiyu_Table_131107_Mor_seg.xml	1.03	0.306	0	0	0	6.248279	0.084	0.14	0.07175704	0.471	0.523	0	0	0	0.03577925	0.566	0.188474	0.4415268
Kaiyu_Table_131109_Aft_seg.xml	1.05	0.313	-0.02	0	0	6.230825	0.09002749	0.1363233	0.06356785	0.486	0.517	-0.02	0	0	0.00715585	0.567007	0.254	0.424106
Kaiyu_Table_131111_Aft_seg.xml	1.03	0.312	-0.008	0	0	6.213372	0.066	0.11	0.048	0.468	0.53	-0.008	0	0	0.002844887	0.554	0.1545241	0.409
Kaiyu_Table_131115_Mor_seg.xml	1.04	0.315	-0.01	0	0	6.248279	0.07868432	0.1395679	0.0514917	0.475	0.543	-0.01	0	0	0.003054326	0.5633036	0.1842232	0.4210325
Kaiyu_Table_131116_Aft_seg.xml	1.05	0.277	-0.02	0	0	0.03647738	0.08581267	0.1300666	0.054	0.483	0.511	-0.03	0	0	0.01708677	0.5739975	0.1825079	0.439
Magnus_Table_131023_Aft_seg.xml	1.65	0.108	0	0	0	6.091199	0.086	0.139	0.05183733	1.1	0.331	-0.01	0	0	6.265732	0.6289197	0.286	0.55
Magnus_Table_131023_Eve_seg.xml	1.63	0.0874	0	0	0	6.265732	0.08929934	0.135	0.044	1.15	0.352	0	0	0	6.265732	0.6	0.279	0.548
Magnus_Table_131023_Mor_seg.xml	1.64	0.103	2.24e-10	0	0	6.161012	0.081	0.114	0.048	1.13	0.318	2.24e-10	0	0	6.230825	0.61	0.299	0.553
Magnus_Table_131024_Aft_seg.xml	1.69	0.092	-0.01	0	0	0.04782202	0.1074578	0.1291147	0.05364553	1.16	0.362	0	0	0	6.230825	0.605	0.285	0.5571541
Magnus_Table_131024_Eve_seg.xml	1.66	0.1	0	0	0	0	0.109	0.1417456	0.06413726	1.13	0.331	-0.01	0	0	0.03071779	0.6327505	0.2460086	0.5418945
Magnus_Table_131024_Mor_seg.xml	1.7	0.123	-0.02	0	0	6.248279	0.06998003	0.119108	0.06	1.15	0.348	-0.02	0	0	6.248279	0.590868	0.28	0.5518576
Magnus_Table_131028_Aft_seg.xml	1.66	0.117	0	0	0	6.248279	0.0741305	0.107	0.039	1.17	0.355	-0.01	0	0	0.007679448	0.601	0.258	0.554
Magnus_Table_131028_Mor_seg.xml	1.66	0.105	-0.01	0	0	6.283185	0.08004048	0.103	0.05	1.17	0.364	-0.01	0	6.265732	6.230825	0.6009942	0.272	0.545
Magnus_Table_131029_Aft_seg.xml	2.33	0.131	-0.01	0	0	0.2426008	0.06	0.11	0.05	1.72	0.306	-0.02	0	0	0	0.62	0.29	0.5705472
Magnus_Table_131029_Mor_seg.xml	2.18	0.122	0	0	0	0.0001850049	0.088	0.14	0.046	1.66	0.32	0	0	0	6.230825	0.6199999	0.37	0.58
Magnus_Table_131030_Aft_seg.xml																		
Magnus_Table_131101_Aft_seg.xml	1.65	0.116	0	0	0	6.073746	0.1001786	0.1440533	0.04	1.15	0.37	0	0	0	6.230825	0.589	0.283	0.558
Magnus_Table_131101_Eve_seg.xml	1.61	0.127	0	0	0	6.283185	0.583	0.286	0.046	1.15	0.368	-0.01	0	0	6.265732	0.583	0.286	0.559
Magnus_Table_131101_Mor_seg.xml	1.64	0.1135942	0	0	0	6.129444	0.306561	0.3852765	0.045	1.13	0.362	0	0	0	6.248279	0.608	0.27	0.568
Magnus_Table_131106_Aft_seg.xml	2.21	0.162	0.03	0	0	6.230825	0.09603018	0.1345639	0.04720352	1.72	0.409	-0.02	0	0	6.248279	0.6132012	0.307	0.585
Magnus_Table_131106_Mor_seg.xml	1.62	0.117	-0.01	0	0	0.0275762	0.08251535	0.1227939	0.054	1.13	0.382	-0.02	0	0	6.161012	0.626	0.254	0.571
Magnus_Table_131107_Mor_seg.xml	1.62	0.128	-0.01	0	0	6.091199	0.078	0.1297394	0.04746737	1.13	0.343	-0.02	0	0	6.283185	0.5797799	0.28	0.5596349
Magnus_Table_131108_Mor_seg.xml	1.64	0.0404	-0.01	0	0	6.126106	0.09004701	0.1231761	0.05717411	1.16	0.303	-0.02	0	0	6.213372	0.614	0.301	0.5616841
Magnus_Table_131109_Aft_seg.xml	1.62	0.0939	-0.01	0	0	6.265732	0.07754945	0.1295544	0.05028011	1.13	0.348	-0.02	0	0	6.248279	0.6168755	0.299	0.5620141
Magnus_Table_131109_Mor_seg.xml	1.62	0.095	0	0	0	6.213372	0.09706913	0.1254859	0.05268205	1.15	0.351	-0.01	0	0	6.265732	0.6087216	0.309	0.5671314
Magnus_Table_131111_Aft_seg.xml	1.63	0.119	-0	0	0	6.108652	0.062	0.1006179	0.041	1.14	0.362	-0	0	0	6.248279	0.594	0.2494924	0.544
Magnus_Table_131111_Eve_seg.xml	1.65	0.12	0.004	0	0	0.09686577	0.06	0.1032815	0.04	1.15	0.347	0.004	0	0	6.265732	0.5839558	0.258	0.5585651
Magnus_Table_131112_Aft_seg.xml	1.64	0.114	0	0	0	0.03490658	0.06196997	0.11	0.04	1.16	0.368	-0.02	0	0	0	0.57	0.2432576	0.55
Magnus_Table_131112_Eve_seg.xml	1.66	0.0949	0	0	0	0.3577925	0.06522702	0.105	0.04031581	1.15	0.352	0	0	0	6.265732	0.59	0.26	0.545
Magnus_Table_131113_Mor_seg.xml	1.65	0.12	0	0	0	0.1015782	0.06	0.114	0.044	1.16	0.36	0.005	0	0	6.265732	0.592	0.246	0.55
Magnus_Table_131114_Eve_seg.xml	1.66	0.086	0.01	0	0	6.283185	0.08157032	0.1162812	0.04983956	1.13	0.37	-0.03	0	6.230825	6.248279	0.62	0.26	0.55
Magnus_Table_131115_Mor_seg.xml	1.65	0.101	0	0	0	6.265732	0.07697358	0.112	0.047	1.17	0.336	-2.24e-10	0	0	0.03071779	0.589	0.269	0.554
Magnus_Table_131116_Aft_seg.xml	1.64	0.097	-0.01	0	0	6.283185	0.0963032	0.127391	0.05434229	1.12	0.366	-0.01	0	0	6.143559	0.609	0.2874883	0.602236
Marina_Table_131023_Aft_seg.xml	1.46	0.242	0	0	0	0.1076868	0.08429423	0.1372893	0.038	1.04	0.566	-0.02	0	0	6.126106	0.557	0.16	0.407
Marina_Table_131023_Mor_seg.xml	1.31	0.295	2.24e-10	0	0	0.02408554	0.08046468	0.1283763	0.048	0.962	0.6	-2.24e-10	0	0	6.126106	0.554603	0.149	0.404
Marina_Table_131024_Aft_seg.xml	1.63	0.364	-0.01	0	0	5.899213	0.082	0.1229536	0.05298583	1.28	0.662	0	0	0	6.056293	0.546	0.168	0.4204614
Marina_Table_131024_Eve_seg.xml	1.55	0.337	-0.01	0	0	6.056293	0.09901608	0.1397793	0.05816463	1.2	0.592	-0.01	0	0	6.091199	0.586	0.1751146	0.42014
Marina_Table_131024_Mor_seg.xml	1.52	0.373	-0.01	0	0	6.021386	0.07323403	0.1208445	0.05556206	1.24	0.663	-0.02	0	0	5.934119	0.568	0.236	0.4449055
Marina_Table_131028_Aft_seg.xml	1.6	0.26	0	0	0	5.72468	0.074	0.106	0.035	1.16	0.557	-0.02	0	0	6.091199	0.567	0.16	0.428
Marina_Table_131028_Mor_seg.xml	1.61	0.253	0	0	0	5.759586	0.069	0.122	0.063	1.18	0.569	0	0	0	6.073746	0.555582	0.155	0.423
Marina_Table_131029_Aft_seg.xml	1.61	0.239	0	0	0	6.195919	0.075	0.13	0.052	1.16	0.562	-0.01	0	0	6.108652	0.57	0.205	0.44
Marina_Table_131029_Mor_seg.xml	1.56	0.247	-0.01	0	0	6.126106	0.07775409	0.13	0.05	1.13	0.535	-0.01	0	0	6.213372	0.5648374	0.1939514	0.4287111
Marina_Table_131030_Aft_seg.xml	0.457	0.136	-0.01	0	0	6.213372	0.0712586	0.09081462	0.04976346	-0.00194	0.416	-0.02	0	0	6.230825	0.1665523	0.8363035	0.5911243
Marina_Table_131101_Aft_seg.xml	1.63	0.294	2.24e-10	0	0	5.72468	0.08760455	0.1404737	0.039	1.27	0.703	2.24e-10	0	6.283185	5.934119	0.577	0.139	0.412
Marina_Table_131101_Eve_seg.xml	1.63	0.332	0	0	0	5.358161	0.083	0.113	0.05	1.27	0.683	0	0	0	5.951573	0.553	0.125	0.409
Marina_Table_131101_Mor_seg.xml	1.63	0.307	0	0	0	5.794493	0.07	0.1026911	0.043	1.27	0.703	0	0	0	5.951573	0.553	0.115	0.3916245
Marina_Table_131106_Aft_seg.xml	1.55	0.245	0	0	0	6.143559	0.0785775	0.1293242	0.062	1.11	0.562	0	0	0	6.073746	0.5824567	0.162	0.4430001
Marina_Table_131106_Mor_seg.xml	1.55	0.246	-0.04	0	0	6.073746	0.08309727	0.1034543	0.05	1.1	0.577	-0.04	0	0	6.126106	0.6007793	0.1444092	0.438
Marina_Table_131107_Mor_seg.xml	1.7	0.3	-0.02	0	0	6.038839	0.073	0.1	0.034	1.32	0.677	-0.02	0	0	5.986479	0.564333	0.23	0.42
Marina_Table_131108_Mor_seg.xml	1.59	0.242	-0.02	0	0	6.038839	0.07	0.1242996	0.05921653	1.16	0.547	-0.02	0	0	6.178465	0.5517901	0.1739187	0.425
Marina_Table_131109_Mor_seg.xml	1.56	0.256	-0.02	0	0	5.986479	0.07495221	0.126689	0.06334397	1.13	0.551	-0.02	0	0	6.126106	0.5655587	0.281	0.4277052
Marina_Table_131111_Aft_seg.xml	1.6	0.182	0.02	0	0	0.1350885	0.064	0.1012407	0.046	0.01	0.32	-0.01	0	0	0.4712389	0.43	0.21	0.428
Marina_Table_131111_Eve_seg.xml	1.44	0.326	0.01	0	0	5.951573	0.065	0.1087113	0.038	0.005	0.475	-0	0	0	0.4363323	0.444	0.146	0.433642
Marina_Table_131112_Aft_seg.xml	1.63	0.286	0	0	0	6.038839	0.05977595	0.09736852	0.04	1.14	0.537	0	0	0	6.161012	0.55	0.11	0.4
Marina_Table_131112_Eve_seg.xml	1.53	0.296	0	0	0	6.108652	0.05762995	0.0980005	0.05	1.13	0.535	0	0	0	6.126106	0.545	0.09777233	0.41
Marina_Table_131113_Mor_seg.xml	1.67	0.178	0	0	0	6.003932	0.057	0.1	0.038	0	0.386	0	0	0	0.4363323	0.526	0.18	0.428
Marina_Table_131114_Eve_seg.xml	1.43	0.309	-0.02	0	0	0.1460841	0.06273402	0.1075263	0.04	1.08	0.511	-0.02	6.283185	0.03490658	6.161012	0.5542762	0.15	0.4049112
Marina_Table_131114_Mor_seg.xml	1.5	0.324	-0.02	0	0	6.213372	0.09856926	0.14	0.1596407	1.08	0.503	2.24e-10	0	0.03490658	6.178465	0.562162	0.11	0.4299335
Marina_Table_131115_Mor_seg.xml	1.69	0.254	2.24e-10	0	0	6.003932	0.069	0.1	0.048	0.00221	0.388	0	0	0	0.4310963	0.523	0.17	0.431
Marina_Table_131116_Aft_seg.xml	1.44	0.346	0.01	0	0	6.126106	0.08901398	0.1317276	0.06380209	1.12	0.61	2.24e-10	0	0	5.986479	0.5869699	0.1777216	0.433
Michele_Table_131023_Aft_seg.xml	1.37	0.0839	-0.01	0	0	6.108652	0.093	0.127	0.051	0.23	0.299	-0.02	0	0	0.3909537	0.628	0.214	0.542
Michele_Table_131023_Mor_seg.xml	1.38	0.092	-0.01	0	0	6.056293	0.07335853	0.12759	0.039	0.318	0.151	-0.01	0	0	6.178465	0.624	0.314	0.546
Michele_Table_131028_Aft_seg.xml	0.984	0.204	0	0	0	6.178465	0.073	0.115	0.041	0.221	0.295	0	0	0	0.4642576	0.655	0.235	0.542
Michele_Table_131028_Mor_seg.xml	0.964	0.184	0	0	0	6.178465	0.079	0.115	0.059	0.231	0.285	0	0	0.05235988	0.4642576	0.642	0.235	0.542
Michele_Table_131029_Aft_seg.xml	1.13	0.0751	-0.01	0	0	0.5270894	0.1047798	0.1328741	0.07503439	0.275	0.178	-0.02	0	0	0.6684611	0.7106763	0.334	0.5485103
Michele_Table_131029_Mor_seg.xml	1.13	0.0655	-0.02	0	0	0.3543018	0.0983547	0.1277631	0.06556804	0.279	0.229	-0.02	0	0	0.5707227	0.6743925	0.338	0.5516633
Michele_Table_131030_Aft_seg.xml	1.02	0.125	-0.01	0	0	0.1607448	0.07073868	0.1226708	0.05	0.227	0.286	-0.01	0	6.283185	0.4904375	0.6382497	0.25	0.5448457
Michele_Table_131031_Aft_seg.xml	1.06	0.06	0.003	0	0	6.091199	0.065	0.095	0.04	0.244	0.265	0.016	0	0.03490658	0.5637413	0.628	0.22	0.528
Michele_Table_131111_Aft_seg.xml										0.9	0.454	0	0	0	0.03490658	0.4	0.21	0.624
Michele_Table_131114_Eve_seg.xml	1.16	0.16	-0.01	0	0	0.005113815	0.07703262	0.1104447	0.06544843	0.345	0.299	-0.01	0	0	0.3490658	0.6169565	0.22	0.5470197
Michele_Table_131115_Mor_seg.xml	1.15	0.17	0	0	0	6.003932	0.068	0.1207458	0.046	0.339	0.301	-2.24e-10	0	0	0.3420845	0.614	0.235	0.529
Michele_Table_131116_Aft_seg.xml	1.08	0.0668	0	0	0	6.143559	0.08977962	0.1338514	0.05609342	0.401	0.233	-0.016	0	0	0.5532694	0.6678802	0.311864	0.558
Miro_Table_131023_Aft_seg.xml	1.26	0.179	0	0	0	0.06684611	0.068	0.132	0.039	0.604	0.478	0	0	0	0.03054326	0.663	0.134	0.514
Miro_Table_131023_Eve_seg.xml	1.25	0.181	0	0	0	0.1179843	0.0849521	0.1306768	0.027	0.753	0.241	0	0	0	5.969026	0.636	0.114	0.512
Miro_Table_131023_Mor_seg.xml	1.27	0.177	-0.01	0	0	0.1677261	0.079	0.124	0.034	0.62	0.493	-0.01	0	0	0.03560472	0.648	0.069	0.503
Miro_Table_131024_Aft_seg.xml	1.28	0.186	-0.02	0	0	0.06352998	0.08515785	0.1239544	0.03174064	0.643	0.468	-0.01	0	0	0.02513274	0.6589421	0.232	0.5137009
Miro_Table_131024_Eve_seg.xml	1.27	0.18	-0.01	0	0	0.01832596	0.0839972	0.1328219	0.04665105	0.633	0.482	-0.02	0	0	6.283185	0.6317812	0.2461658	0.5059286
Miro_Table_131028_Aft_seg.xml	1.28	0.188	-0.01	0	0	0.0577704	0.07950611	0.1309216	0.045	0.64	0.483	-0.01	0	0	0.06527531	0.65	0.144	0.512
Miro_Table_131028_Mor_seg.xml	1.27	0.19	-0.01	0	0	0.1342158	0.07751862	0.130993	0.042	0.62	0.493	-0.02	0	0	0.06527531	0.659	0.144	0.522
Miro_Table_131029_Aft_seg.xml	1.24	0.19	-0.02	0	0	6.265732	0.101	0.156435	0.059	0.63	0.496	-0.02	0	0	0.04747296	0.663	0.184	0.5334563
Miro_Table_131029_Eve_seg.xml	0.113	0.19	-0.02	0	0	0.05532694	0.079	0.1374352	0.037	-0.498	0.5	0	0	0	0.04886922	0.654	0.1426789	0.491
Miro_Table_131029_Mor_seg.xml	1.25	0.175	-0.02	0	0	6.230825	0.1082795	0.152	0.064	0.629	0.471	0	0	0	0.06562438	0.654	0.173	0.4908422
Miro_Table_131030_Aft_seg.xml										0.639	0.181	-0.02	0	0	0.03490658	0.6547113	0.1118879	0.5134173
Miro_Table_131101_Aft_seg.xml	1.25	0.242	-0.01	0	0	0.3438299	0.106	0.1363044	0.035	0.632	0.514	-0.01	0	0	0.04572763	0.661	0.149	0.505
Miro_Table_131101_Eve_seg.xml	0.116	0.181	-0.01	0	0	0.2234021	0.07904503	0.1458623	0.029									
Miro_Table_131101_Mor_seg.xml	1.24	0.16	2.24e-10	0	0	0.3333579	0.086	0.1468174	0.038	0.59	0.516	-0.01	0	0.01745329	0.07417649	0.659	0.113	0.52
Miro_Table_131106_Aft_seg.xml	1.25	0.166	0.01	0	0	6.108652	0.08086449	0.1339782	0.04822962	0.614	0.461	0	0	0	0.06614798	0.6581246	0.2169723	0.511
Miro_Table_131106_Mor_seg.xml	1.26	0.15	0	0	0	6.143559	0.08057731	0.1239854	0.04270553	0.617	0.46	0	0	0	0.06894051	0.7012434	0.2111823	0.538
Miro_Table_131107_Mor_seg.xml	1.25	0.165	-0.02	0	0	6.126106	0.075	0.125	0.03	0.627	0.477	-0.02	0	0	0.029147	0.6434237	0.18	0.4984638
Miro_Table_131108_Mor_seg.xml	1.26	0.233	-0.01	0	0	0.1308997	0.07482271	0.1262334	0.04236287	0.629	0.499	-0.01	0	0	0.04310963	0.634	0.21793	0.5058224
Miro_Table_131109_Aft_seg.xml	1.25	0.215	-0.01	0	0	6.248279	0.08811079	0.1266255	0.04438397	0.623	0.492	-0.02	0	0	0.03996804	0.634	0.2843268	0.5107437
Miro_Table_131109_Mor_seg.xml	1.25	0.223	2.24e-10	0	0	0.005078908	0.08428301	0.13	0.04239529	0.613	0.482	-0.02	0	0	0.03909538	0.643	0.251	0.526
Miro_Table_131111_Aft_seg.xml	1.27	0.22	0.01	0	0	6.056293	0.07155394	0.1193452	0.023	0.62	0.495	0	0	0	0.05235988	0.645	0.14	0.502
Miro_Table_131111_Eve_seg.xml	1.29	0.225	-0.007	0	0	6.230825	0.07	0.1127722	0.026	0.62	0.5	-0.007	0	0	0.05235988	0.648	0.12	0.5
Miro_Table_131112_Aft_seg.xml	1.29	0.228	0	0	0	6.195919	0.08	0.13	0.03	0.622	0.53	0	0	0	0.03490658	0.63	0.06	0.48
Miro_Table_131112_Eve_seg.xml	1.26	0.228	0	0	0	5.951573	0.06594324	0.1143216	0.04	0.619	0.521	0	0	0	0.05235988	0.6093562	0.04819209	0.5
Miro_Table_131114_Eve_seg.xml	1.32	0.189	-0.01	0	0	0.01624902	0.08916565	0.1197818	0.04	0.638	0.529	-0.02	0	6.283185	0.05445427	0.5948762	0.09999999	0.5293227
Miro_Table_131114_Mor_seg.xml	1.22	0.0762	-0.01	0	0	6.003932	0.0759246	0.1274561	0.03061175	0.612	0.461	-0.02	0	6.283185	0.08726646	0.6454235	0.16	0.5169272
Miro_Table_131115_Mor_seg.xml	1.29	0.172	0	0	0	0.6335545	0.07	0.12	0.032	0.637	0.485	-0.01	0	0	0.02251475	0.6398738	0.15	0.515
Miro_Table_131116_Aft_seg.xml	1.25	0.185	0	0	0	6.248279	0.08402465	0.1301894	0.05152428	0.607	0.498	-0.02	0	0	0.002408554	0.6698613	0.1643894	0.522
Nils_Table_131023_Aft_seg.xml	1.02	0.0204	-2.24e-10	0	0	6.230825	0.07708428	0.13983	0.048	0.533	0.455	-2.24e-10	0	0	6.178465	0.549	0.211	0.512
Nils_Table_131023_Eve_seg.xml	1.07	0.0506	-2.24e-10	0	0	0.10088	0.083	0.1339694	0.045	0.575	0.488	0	0	0	6.213372	0.5462434	0.178	0.519
Nils_Table_131023_Mor_seg.xml	1.14	0.064	0	0	0	0.1612684	0.08848909	0.134	0.041	0.563	0.48	-2.24e-10	0	0.01745329	6.195919	0.574	0.224	0.508
Nils_Table_131024_Aft_seg.xml	0.855	0.0563	-0.02	0	0	0.3560472	0.08716329	0.1241963	0.064	0.579	0.523	-0.02	0	0	6.178465	0.5705462	0.19	0.5248458
Nils_Table_131024_Mor_seg.xml	1.11	0.0569	0	0	0	6.265732	0.09338765	0.1270962	0.055	0.599	0.45	0	0	0	6.213372	0.558	0.242	0.6008342
Nils_Table_131028_Aft_seg.xml	1.12	0.0373	0	0	0	6.195919	0.07557357	0.1299545	0.043	0.581	0.475	-0.01	0	0	6.213372	0.578	0.194	0.524
Nils_Table_131028_Mor_seg.xml	1.07	0.0259	0	0	0	0.2548181	0.076	0.097	0.045	0.571	0.475	0	0	0	6.230825	0.552	0.194	0.514
Nils_Table_131030_Aft_seg.xml										0.625	0.476	-0.01	0	0	6.283185	0.2143693	0.1757381	0.3799594
Nils_Table_131101_Aft_seg.xml	0.976	0.0557	-2.24e-10	0	0	0.07487462	0.07813761	0.1237383	0.03764439	0.509	0.504	2.24e-10	0	0	6.230825	0.5371555	0.206	0.5
Nils_Table_131101_Eve_seg.xml	1	0.182	-0.01	0	0	0.1129228	0.07763884	0.1380464	0.063	0.565	0.478	-0.01	0	0	0.04276057	0.547	0.217	0.496
Nils_Table_131101_Mor_seg.xml	1.1	0.0389	-0.01	0	0	0.3508112	0.07351374	0.1227064	0.043	0.624	0.483	-0.01	0	0	6.248279	0.537	0.203	0.52
Nils_Table_131106_Aft_seg.xml	1.05	0.0702	0	0	0	6.265732	0.08703021	0.1330518	0.06228664	0.607	0.432	-0.02	0	0	6.283185	0.5788245	0.3083533	0.51
Nils_Table_131106_Mor_seg.xml	1.44	0.003	-0.01	0	0	6.248279	0.08149127	0.08164193	0.069	1	0.32	-0.01	0	0	0.01850049	0.588	0.3041041	0.51
Nils_Table_131107_Mor_seg.xml	1.09	0.0622	-0.01	0	0	0.05951573	0.075	0.124391	0.05314973	0.62	0.481	0	0	0	0.00103498	0.5436248	0.2	0.516516
Nils_Table_131108_Mor_seg.xml	1.16	0.0672	-0.02	0	0	0.1733112	0.078	0.1256684	0.04959914	0.624	0.463	-0.01	0	0	0.02391101	0.577	0.217	0.5379614
Nils_Table_131109_Aft_seg.xml	1.07	0.107	-0.01	0	0	6.178465	0.078	0.3191562	0.04286175	0.609	0.448	-0.02	0	0	6.265732	0.5613416	0.251	0.517
Nils_Table_131109_Mor_seg.xml	1.06	0.12	-0.02	0	0	0.01902409	0.07285152	0.1152892	0.03928503	0.621	0.486	-0.02	0	0	6.230825	0.5254344	0.226	0.5324132
Nils_Table_131111_Aft_seg.xml	1.1	0.0675	-0.01	0	0	0.2356194	0.065	0.106	0.043	0.622	0.48	-0.006	0	0	0	0.526	0.1875711	0.5
Nils_Table_131111_Eve_seg.xml	1.16	0.03	-0.02	0	0	0.2792527	0.05569272	0.1003648	0.038	0.611	0.478	0.018	0	0.05235988	6.283185	0.532	0.184	0.51
Nils_Table_131112_Aft_seg.xml										0.62	0.489	0	0	0	0	0.54	0.16	0.51
Nils_Table_131112_Eve_seg.xml	1.11	0.066	0	0	0	0.1455605	0.07	0.1083548	0.03955472	0.626	0.456	0	0	0	0.04886922	0.525	0.1955701	0.51
Nils_Table_131113_Mor_seg.xml	1.15	0.0855	-0	0	0	0.4782202	0.063	0.106	0.044	0.608	0.485	-0	0	0	6.283185	0.525	0.18	0.505
Nils_Table_131114_Eve_seg.xml	1.17	0.087	-0.01	0	0	0.6283185	0.07	0.1217679	0.05285074	0.61	0.486	-2.24e-10	0	0	6.265732	0.544979	0.18	0.53
Nils_Table_131114_Mor_seg.xml	1.07	0.0369	-0.02	0	0	0.001867502	0.09	0.13	0.06	0.614	0.477	-0.02	0	0	6.283185	0.5449176	0.1925979	0.5304155
Nils_Table_131115_Mor_seg.xml	1.09	0.0484	-0.01	0	0	0.5235988	0.08	0.1613329	0.06056488	0.611	0.496	-0.01	0	6.265732	0.01937315	0.5394944	0.1651894	0.5185078
Nils_Table_131116_Aft_seg.xml	1.04	0.0741	2.24e-10	0	0	6.038839	0.08456843	0.1387373	0.05212541	0.581	0.476	-0.01	0	0	0.01762783	0.5849785	0.2295331	0.525
Oscar_Table_131023_Aft_seg.xml	1.05	0.247	0.01	0	0	6.161012	0.08	0.139	0.06174489	0.539	0.466	0.01	0	0	6.161012	0.362	0.142	0.51
Oscar_Table_131023_Mor_seg.xml	1.06	0.204	0	0	0	5.969026	0.072	0.1344131	0.051	0.558	0.414	0	0	0	6.126106	0.349	0.17	0.481121
Oscar_Table_131024_Aft_seg.xml	0.99	0.161	-0.02	0	0	6.213372	0.07259889	0.1297691	0.06470817	0.568	0.458	-0.02	0	0	0.03159046	0.3699075	0.23	0.5038856
Oscar_Table_131028_Aft_seg.xml	1.24	0.204	-2.24e-10	0	0	1.120501	0.069	0.129	0.049	0.587	0.482	0.01	0	0	6.108652	0.348	0.143	0.5133575
Oscar_Table_131028_Mor_seg.xml	0.943	0.153	2.24e-10	0	0	6.003932	0.079	0.1214243	0.074	0.57	0.438	0.01	0	0	6.161012	0.351	0.25	0.49
Oscar_Table_131030_Aft_seg.xml	1	0.243	-0.01	0	0	6.143559	0.069	0.1417741	0.055	0.588	0.455	-0.01	0	0	0.01745329	0.3466285	0.13	0.5340497
Oscar_Table_131101_Aft_seg.xml	1.01	0.256	0	0	0	6.248279	0.06	0.129	0.04	0.97	0.492	0	0	0	5.8294	0.492	0.233	0.425
Oscar_Table_131101_Eve_seg.xml	1.22	0.216	0	0	0	1.099557	0.07	0.11	0.049	0.97	0.503	0	0	0	5.811946	0.508	0.23	0.423
Oscar_Table_131101_Mor_seg.xml	0.983	0.271	0.02	0	0	6.213372	0.06	0.114	0.032	0.943	0.505	0	0	0	5.811946	0.495	0.22	0.442
Oscar_Table_131106_Aft_seg.xml										1.69	0.426	-0.01	0	0	5.934119	0.5307365	0.2755418	0.4497622
Oscar_Table_131106_Mor_seg.xml																		
Oscar_Table_131107_Mor_seg.xml										0.91	0.499	0	0	0	5.8294	0.4954547	0.2609629	0.4414888
Oscar_Table_131109_Aft_seg.xml	1.01	0.487	-0.01	0	0	6.195919	0.08187987	0.1184779	0.04835858	0.897	0.48	-0.01	0	0	5.794493	0.5132844	0.2959282	0.4357361
Oscar_Table_131111_Aft_seg.xml										0.92	0.49	0.01	0	0	5.846853	0.5	0.224	0.428927
Oscar_Table_131111_Eve_seg.xml										0.963	0.48	0	0	0	5.811946	0.48	0.213	0.417
Oscar_Table_131112_Aft_seg.xml										0.966	0.473	0	0	0	5.864306	0.48	0.2090292	0.42
Oscar_Table_131114_Eve_seg.xml										0.94	0.495	-0.01	0	0	5.8294	0.5	0.26	0.4467182
Oscar_Table_131115_Mor_seg.xml										0.947	0.499	-0.02	0	0	5.811946	0.4874236	0.2105335	0.4456967
Oscar_Table_131116_Aft_seg.xml	1.04	0.497	0	0	0	6.073746	0.09120642	0.1181083	0.05483689	0.971	0.479	0	0	0	5.88176	0.5114868	0.2102412	0.454
Petter_Table_131023_Aft_seg.xml	1.27	0.0014	-2.24e-10	0	0	0.29147	0.09688616	0.1304931	0.052	0.899	0.539	-2.24e-10	0	0	6.230825	0.547	0.223	0.507
Petter_Table_131023_Mor_seg.xml	1.27	0.00592	0.01	0	0	0.2391101	0.072	0.1327154	0.041	0.868	0.528	-0.02	0	0	6.230825	0.549	0.217	0.503
Petter_Table_131024_Aft_seg.xml	1.3	0.185	-0.01	0	0	0.02268928	0.08096462	0.1402396	0.04499999	0.831	0.601	-0.01	0	0	0.03874631	0.558	0.2664659	0.5054515
Petter_Table_131029_Aft_seg.xml	1.29	0.265	-0.02	0	0	6.213372	0.07920743	0.1239934	0.06253555	0.855	0.569	-0.02	0	0	6.248279	0.5688131	0.2140562	0.5123258
Petter_Table_131029_Mor_seg.xml	1.29	0.265	-0.02	0	0	6.213372	0.07920743	0.1239934	0.06253555	0.855	0.569	-0.02	0	0	6.248279	0.5688131	0.2140562	0.5123258
Petter_Table_131030_Aft_seg.xml	1.31	0.096	-0.01	0	0	6.230825	0.08127069	0.13735	0.05812295	0.886	0.548	-0.01	0	0	6.230825	0.5432529	0.25	0.5229535
Petter_Table_131101_Aft_seg.xml	1.31	0.165	-0.01	0	0	0.5689773	0.0744164	0.128755	0.039	0.838	0.617	-0.01	0	0	0.06911504	0.533	0.227	0.523
Petter_Table_131101_Eve_seg.xml	1.29	0.29	0	0	0	0.1680752	0.06957669	0.129	0.034	0.801	0.638	0	0	0	0.05846853	0.569	0.209	0.506
Petter_Table_131101_Mor_seg.xml	1.22	0.245	0	0	0	0.3228859	0.078	0.1328647	0.041	0.827	0.616	0	0	0	0.0434587	0.5354642	0.225	0.504
Petter_Table_131106_Aft_seg.xml	1.34	0.0176	-0.01	0	0	0.02775074	0.0936972	0.1374669	0.055	0.887	0.51	-0.01	0	0	6.230825	0.5864584	0.2148275	0.53
Petter_Table_131107_Mor_seg.xml	1.37	0.342	-0.01	0	0	0.1174607	0.075	0.133	0.06	0.766	0.707	-0.02	0	0	0.1275836	0.5600001	0.21	0.075
Petter_Table_131109_Aft_seg.xml	1.31	0.0985	-0.01	0	0	0.1609194	0.08881677	0.1413624	0.04846754	0.864	0.524	-0.02	0	0	6.248279	0.581812	0.286	0.5246583
Petter_Table_131111_Aft_seg.xml	1.4	0.08	-0.019	0	0	6.073746	0.066	0.114	0.036	0.88	0.58	-0.02	0	0	6.248279	0.533	0.2	0.523
Petter_Table_131112_Aft_seg.xml	1.31	0.0131	0	0	0	0.1570796	0.05646962	0.1140456	0.04	0.897	0.524	0	0	0	6.230825	0.5193274	0.22	0.505
Petter_Table_131114_Eve_seg.xml	1.42	0.174	-0.01	0	0	6.265732	0.08233412	0.1363606	0.054	0.888	0.552	-0.01	0	0	6.248279	0.5413799	0.2124362	0.5264248
Petter_Table_131115_Mor_seg.xml	1.41	0.137	-0.01	0	0	0.1514946	0.06931646	0.1427179	0.05674901	0.873	0.568	-0.02	0	0	6.230825	0.5492679	0.177	0.502269
Petter_Table_131116_Aft_seg.xml	1.28	0.156	-0.02	0	0	0.2094395	0.08671561	0.1390405	0.057	0.862	0.516	-0.02	0	0	6.213372	0.567	0.2436284	0.531
Puren_Table_131023_Aft_seg.xml										0.484	0.553	0.02	0	0	6.003932	0.548	0.231	0.5202397
Puren_Table_131023_Mor_seg.xml										0.494	0.552	-0.02	0	0	6.038839	0.563	0.21	0.517
Puren_Table_131024_Aft_seg.xml										0.479	0.488	0	0	0	6.195919	0.56	0.2284025	0.53
Puren_Table_131028_Aft_seg.xml										0.5	0.516	0	0	0	6.161012	0.558	0.189	0.535
Puren_Table_131028_Mor_seg.xml										0.504	0.48	2.24e-10	0	0	6.213372	0.579	0.202	0.53
Puren_Table_131029_Aft_seg.xml										0.488	0.488	-0.02	0	0	6.213372	0.5772484	0.2245288	0.560477
Puren_Table_131029_Mor_seg.xml										0.503	0.495	-0.02	0	0	6.195919	0.57	0.2131556	0.54084
Puren_Table_131030_Aft_seg.xml										0.513	0.494	-0.01	0	6.248279	6.178465	0.5689306	0.2142741	0.5511208
Puren_Table_131101_Aft_seg.xml										0.492	0.516	0	0	0	6.178465	0.556	0.192	0.531
Puren_Table_131101_Eve_seg.xml										0.509	0.513	0	0	0	6.161012	0.549	0.241	0.5211135
Puren_Table_131101_Mor_seg.xml										0.496	0.536	0	0	0	6.195919	0.5584508	0.176	0.519
Puren_Table_131106_Aft_seg.xml										0.439	0.467	-0.02	0	0	6.230825	0.5964347	0.283	0.587
Puren_Table_131106_Mor_seg.xml										0.458	0.5	-0.01	0	0	6.195919	0.6005398	0.2635486	0.542
Puren_Table_131107_Mor_seg.xml										0.512	0.516	-0.01	0	0	6.161012	0.56	0.24	0.535
Puren_Table_131108_Mor_seg.xml										0.523	0.508	-0.02	0	0	6.178465	0.5446865	0.201	0.511318
Puren_Table_131109_Aft_seg.xml										0.497	0.499	-0.02	0	0	6.178465	0.5529506	0.255	0.5686549
Puren_Table_131109_Mor_seg.xml										0.481	0.503	-0.02	0	0	6.178465	0.558686	0.254	0.5368993
Puren_Table_131111_Aft_seg.xml										0.504	0.585	-0.018	0	6.248279	5.916666	0.54	0.18	0.525
Puren_Table_131111_Eve_seg.xml										0.52	0.601	-0.005	0	0	5.916666	0.536	0.14	0.52
Puren_Table_131112_Aft_seg.xml										0.49	0.595	0	0	0	5.934119	0.55	0.17	0.52
Puren_Table_131112_Eve_seg.xml										0.516	0.59	0	0	0	5.916666	0.55	0.17	0.53
Puren_Table_131114_Eve_seg.xml										0.494	0.586	-0.02	0	0	5.934119	0.56	0.18	0.54
Puren_Table_131115_Mor_seg.xml										0.491	0.568	-0.02	0	0.03490658	5.934119	0.5490168	0.2038976	0.5226066
Puren_Table_131116_Aft_seg.xml										0.481	0.606	-0.01	0	0	5.864306	0.607	0.240901	0.546
Rares_Table_131023_Aft_seg.xml	1.13	0.292	0	0	0	0.09616765	0.077	0.143777	0.04068756	0.404	0.414	0	0	0	0.1549852	0.419	0.129	0.397
Rares_Table_131023_Eve_seg.xml	1.09	0.263	2.24e-10	0	0	0.08395033	0.082	0.126	0.048	0.311	0.341	0.01	0	0.01745329	0.2949606	0.439	0.153	0.396
Rares_Table_131023_Mor_seg.xml	1.17	0.204	0	0	0	0.4276057	0.07615419	0.1322817	0.045	0.559	-0.0204	0	0	0	5.67232	0.42	0.145	0.399
Rares_Table_131024_Aft_seg.xml										0.794	0.403	0	0	0	0	0.505	0.1367495	0.4
Rares_Table_131024_Eve_seg.xml	1.03	0.267	0	0	0	3.071779	0.065	0.1169876	0.045	0.859	0.517	0	0	0	6.126106	0.56	0.1438068	0.415
Rares_Table_131024_Mor_seg.xml	1.19	0.254	0	0	0	0.1080359	0.078	0.1340857	0.04299864	0.406	0.398	0	0	0	0.1780236	0.42	0.105	0.405
Rares_Table_131028_Aft_seg.xml	1.24	0.27	2.24e-10	0	0	0.1850049	0.08258403	0.133847	0.037	0.398	0.406	-0.02	0	0	0.1558579	0.418	0.11	0.395
Rares_Table_131028_Mor_seg.xml	1.13	0.27	0	0	0	6.021386	0.087	0.129	0.044	0.408	0.406	0	0	0	0.1558579	0.428	0.12	0.385
Rares_Table_131029_Aft_seg.xml	1.26	0.314	-0.02	0	0	6.178465	0.0905617	0.139883	0.07362691	0.874	0.512	-0.02	0	0	6.126106	0.5878406	0.1566066	0.4399691
Rares_Table_131029_Mor_seg.xml	1.26	0.332	-0.02	0	0	6.265732	0.0807732	0.1365729	0.05678097	0.873	0.512	-0.02	0	0	6.178465	0.57	0.1656069	0.4265857
Rares_Table_131030_Aft_seg.xml																		
Rares_Table_131101_Aft_seg.xml	1.29	0.285	2.24e-10	0	0	0.05288348	0.098	0.13597	0.045	0.487	0.342	2.24e-10	0	0	0.3926991	0.439	0.127	0.4
Rares_Table_131101_Eve_seg.xml	1.24	0.28	2.24e-10	0	0	6.056293	0.0700779	0.1294971	0.046	0.403	0.436	2.24e-10	0	0	0.1727876	0.428	0.079	0.389
Rares_Table_131101_Mor_seg.xml	1.22	0.3	2.24e-10	0	0	6.213372	0.083	0.1395793	0.053	0.458	0.35	2.24e-10	0	0	0.4328416	0.4233763	0.1286708	0.39
Rares_Table_131106_Aft_seg.xml	1.33	0.23	0	0	0	0.2548181	0.09725385	0.1292871	0.062	0.928	0.513	0	0	0	6.126106	0.5602785	0.2014953	0.4663617
Rares_Table_131107_Mor_seg.xml	1.33	0.22	-0.01	0	0	6.213372	0.08843962	0.145	0.065	0.927	0.535	-0.01	0	0	6.003932	0.555	0.2218114	0.44
Rares_Table_131109_Aft_seg.xml										0.432	0.373	-0.02	0	0	0.3001966	0.5433807	0.2389674	0.4403957
Rares_Table_131109_Mor_seg.xml										0.425	0.339	-0.02	0	0	0.3508112	0.5502743	0.277	0.4546514
Rares_Table_131111_Aft_seg.xml	1.33	0.178	0.002	0	0	6.265732	0.06	0.1201557	0.038	0.43	0.358	0.015	0	0.05235988	0.3106686	0.54	0.126	0.440186
Rares_Table_131111_Eve_seg.xml	1.27	0.242	0.01	0	0	0.05235988	0.066	0.1257866	0.042	0.441	0.366	0.01	0	0	0.3141593	0.556	0.096	0.4321355
Rares_Table_131112_Aft_seg.xml	1.27	0.227	0	0	0	0.2722714	0.05348276	0.1157492	0.03478646	0.481	0.358	0	0	0	0.4118977	0.5294707	0.08	0.44
Rares_Table_131112_Eve_seg.xml	1.34	0.268	0	0	0	6.038839	0.06650631	0.12	0.04	0.476	0.347	0	0	0	0.4328416	0.55	0.1	0.43
Rares_Table_131113_Mor_seg.xml	1.29	0.237	0.05	0	0	6.265732	0.07	0.12	0.045	0.45	0.32	0.01	0	0	0.4363323	0.562	0.11	0.4593519
Rares_Table_131114_Mor_seg.xml										0.486	0.304	-0.02	0	0.03490658	0.4223697	0.552	0.1716803	0.46
Rares_Table_131115_Mor_seg.xml	1.28	0.204	-0.01	0	0	0.1417207	0.07871191	0.127317	0.06923947	0.921	0.517	-0.01	0	0	6.038839	0.5463879	0.1394937	0.4446148
Rares_Table_131116_Aft_seg.xml										0.468	0.334	-0.01	0	0	0.434587	0.5652741	0.1931373	0.458
Rasmus_Table_131023_Aft_seg.xml	0.916	0.026	2.24e-10	0	0	0.02635447	0.07183944	0.1330211	0.04250168	0.318	0.389	2.24e-10	0	0	0.001544616	0.642	0.191	0.449
Rasmus_Table_131023_Mor_seg.xml	0.91	0.0205	2.24e-10	0	0	0.0007714355	0.08310886	0.1286883	0.047	0.314	0.387	2.24e-10	0	0	6.283185	0.639	0.158	0.4405916
Rasmus_Table_131024_Aft_seg.xml	0.908	0.0152	-0.02	0	0	6.230825	0.065	0.11	0.035	0.314	0.375	-0.02	0	0	6.283185	0.645	0.125	0.5
Rasmus_Table_131028_Aft_seg.xml	0.907	0.0185	0	0	0	6.230825	0.089	0.104	0.047	0.32	0.376	-0.01	0	6.283185	0.008464847	0.6421452	0.153	0.452
Rasmus_Table_131029_Aft_seg.xml	0.907	0.0292	-0.01	0	0	6.248279	0.08141723	0.118069	0.05690631	0.301	0.395	-0.02	0	0.03490658	6.283185	0.6491173	0.153865	0.4990682
Rasmus_Table_131029_Mor_seg.xml	0.907	0.0292	-0.01	0	0	6.248279	0.08141723	0.118069	0.05690631	0.301	0.395	-0.02	0	0.03490658	6.283185	0.6491173	0.153865	0.4990682
Rasmus_Table_131030_Aft_seg.xml	0.908	0.0729	-0.01	0	0	6.108652	0.06718599	0.1204452	0.058	0.299	0.387	0.02	0	0.05235988	0.01583014	0.5412892	0.16	0.4625175
Rasmus_Table_131101_Aft_seg.xml	0.89	0.0606	2.24e-10	0	0	6.073746	0.066	0.122	0.04	0.29	0.377	2.24e-10	0	0	0.0424115	0.672	0.158	0.472
Rasmus_Table_131101_Eve_seg.xml	0.905	0.0266	2.24e-10	0	0	6.230825	0.07549263	0.1149296	0.035	0.307	0.387	2.24e-10	0	0	0.01441642	0.64	0.159	0.466
Rasmus_Table_131106_Aft_seg.xml	0.9	0.0549	0	0	0	0.02670354	0.07476161	0.130564	0.047	0.306	0.396	-0.01	0	0	0.0001733112	0.647	0.194559	0.5333184
Rasmus_Table_131107_Mor_seg.xml	0.899	0.0578	-0.01	0	0	6.265732	0.065	0.117	0.052	0.296	0.397	-0.02	0	0	6.265732	0.6399694	0.21	0.5070035
Rasmus_Table_131111_Aft_seg.xml	0.901	0.055	0	0	0	0.04782202	0.06	0.087	0.038	0.31	0.395	0.005	0	0	0.01745329	0.62	0.12	0.434
Rasmus_Table_131114_Eve_seg.xml	0.889	0.0427	-0.01	0	0	6.265732	0.08009741	0.1207061	0.06077256	0.305	0.394	0.02	0	0.05235988	6.265732	0.635	0.1901689	0.45
Rasmus_Table_131115_Mor_seg.xml	0.907	0.0653	-0.01	0	0	6.283185	0.0667419	0.1143946	0.05676379	0.319	0.399	-2.24e-10	0	0	0.01211258	0.6253065	0.1320962	0.5022414
Rasmus_Table_131116_Aft_seg.xml	0.9	0.0646	0	0	0	0.002216568	0.07464422	0.1191241	0.063	0.281	0.392	-0.02	0	0	0.02513274	0.6756071	0.159	0.535
Yasemin_Table_131023_Aft_seg.xml	1.63	0.346	-2.24e-10	0	0	6.021386	0.078	0.12	0.025	1.21	0.479	-0.01	0	0	0.06003933	0.547	0.2	0.407
Yasemin_Table_131023_Eve_seg.xml	1.63	0.36	-0.01	0	0	6.056293	0.07337887	0.1247862	0.039	1.2	0.517	0	0	0	0	0.546	0.157	0.398
Yasemin_Table_131024_Aft_seg.xml	1.31	0.29	0	0	0	6.091199	0.06931349	0.1242056	0.025	0.884	0.446	0	0	0	0	0.54	0.1902829	0.39
Yasemin_Table_131024_Mor_seg.xml	1.31	0.308	0	0	0	6.091199	0.065	0.1244715	0.025	0.883	0.474	0	0	0	0.008552114	0.5382202	0.1422217	0.395
Yasemin_Table_131028_Aft_seg.xml	1.37	0.249	0	0	0	6.265732	0.075	0.1238034	0.029	0.49	0.375	-0.02	0	0.01745329	0.3438299	0.408	0.105	0.404
Yasemin_Table_131028_Mor_seg.xml	1.88	0.289	0	0	0	0.1832596	0.08095254	0.1236892	0.032	1.04	0.366	-0.001	0	0	0.3333579	0.426	0.134	0.409
Yasemin_Table_131029_Aft_seg.xml	1.62	0.274	-0.02	0	0	0.1415462	0.08028927	0.1304595	0.05185226	1.13	0.489	-0.02	0	0.01745329	0.02216568	0.5633512	0.1634255	0.4099424
Yasemin_Table_131029_Mor_seg.xml	1.46	0.279	-0.02	0	0	0.434587	0.07441048	0.1151664	0.04	0.96	0.487	-0.02	0	0	0.005270894	0.58	0.1663067	0.4066927
Yasemin_Table_131101_Aft_seg.xml	0.986	0.202	2.24e-10	0	0	0.1656317	0.07018585	0.1138338	0.028	0.197	0.353	2.24e-10	0	0	0.3054326	0.42	0.12	0.395
Yasemin_Table_131101_Eve_seg.xml	1.31	0.341	-0.01	0	0	0.1054179	0.08460491	0.14	0.042	0.465	0.37	-0.01	0	0	0.3490658	0.419	0.131	0.417
Yasemin_Table_131101_Mor_seg.xml	0.846	0.166	-0.01	0	0	0.1068141	0.087	0.124	0.046	0.0759	0.339	0	0	0	0.3508112	0.431	0.152	0.407
Yasemin_Table_131106_Aft_seg.xml	1.69	0.211	-0.005	0	0	0	0.07459594	0.1240214	0.038	1.25	0.491	-0.01	0	0	0.03979351	0.551	0.1989933	0.4135324
Yasemin_Table_131106_Mor_seg.xml	1.75	0.271	0	0	0	0.1743584	0.09	0.1416132	0.06	1.32	0.442	0	0	0	0	0.567	0.195	0.4316047
Yasemin_Table_131109_Aft_seg.xml	1.31	0.374	-0.01	0	0	6.283185	0.09125374	0.1404135	0.0432668	0.869	0.499	-0.02	0	0	0.01919862	0.5461023	0.2812416	0.406136
Yasemin_Table_131109_Mor_seg.xml	1.79	0.621	-0.02	0	0	0.1724385	0.07574299	0.127	0.04298795	0.994	0.503	-0.02	0	0	0.5131268	0.420779	0.1329798	0.4026812
Yasemin_Table_131111_Aft_seg.xml	1.86	0.376	0	0	0	0.06771877	0.07	0.1138846	0.031	1.05	0.368	0	0	0.01745329	0.3543018	0.4	0.11	0.395
Yasemin_Table_131111_Eve_seg.xml	1.7	0.378	0.01	0	0	0.1096067	0.066	0.113974	0.028	0.873	0.357	0.02	0	0.05235988	0.3839724	0.414	0.1055614	0.424
Yasemin_Table_131113_Mor_seg.xml	1.8	0.385	0	0	0	0.07871436	0.067	0.11	0.024	0.99	0.38	0	0	0	0.3665192	0.416	0.11	0.415
Yasemin_Table_131114_Eve_seg.xml	1.83	0.355	-0.01	0	0	6.230825	0.08071984	0.1215615	0.03604044	1.41	0.487	-0.01	0	0	0.05811946	0.5519142	0.1315029	0.403885
Yasemin_Table_131114_Mor_seg.xml	1.87	0.356	-2.24e-10	0	0	0.055676	0.0760689	0.1289507	0.04629667	1.4	0.479	-2.24e-10	0	0	0.02007129	0.5550613	0.1466492	0.4274305
Yasemin_Table_131115_Mor_seg.xml	1.5	0.343	-0.02	0	0	6.178465	0.2902528	0.1414877	0.03	1.08	0.473	-0.02	0	0	0.04625123	0.5528836	0.1526701	0.3964141
Yasemin_Table_131116_Aft_seg.xml	1.2	0.342	0	0	0	0.004694935	0.08999875	0.1389508	0.03361048	0.773	0.494	-0.02	0	0	0.0004555309	0.5417677	0.1725514	0.412
Yuquan_Table_131023_Aft_seg.xml	1.05	0.188	0.01	0	0	0.1408481	0.075	0.113	0.03867104	0.582	0.456	0.01	0	0	0.03979351	0.547	0.161	0.435
Yuquan_Table_131023_Eve_seg.xml	1.02	0.129	-0.01	0	0	0.1204277	0.07509483	0.107	0.047	0.576	0.476	-0.02	0	0	6.265732	0.547	0.14	0.413
Yuquan_Table_131023_Mor_seg.xml	1.03	0.197	0	0	0	6.283185	0.1003969	0.143	0.049	0.568	0.483	0	0	0	0.06143559	0.556	0.138	0.426
Yuquan_Table_131024_Aft_seg.xml	0.697	0.138	0	0	0	0.2042035	0.06	0.1241162	0.04	0.236	0.468	0	0	0	0.03455752	0.545	0.1041206	0.425
Yuquan_Table_131024_Eve_seg.xml	0.729	0.12	-0.03	0	0	0.3874631	0.06	0.1130604	0.06	0.235	0.451	-0.03	0	6.213372	0.04258604	0.54	0.09384458	0.427
Yuquan_Table_131024_Mor_seg.xml	0.745	0.155	0	0	0	0.2949606	0.06389511	0.11556	0.02970111	0.272	0.467	0	0	0	0.03159046	0.54	0.1137586	0.428
Yuquan_Table_131028_Aft_seg.xml	1	0.182	2.24e-10	0	0	0.1242674	0.07030889	0.111	0.046	0.576	0.517	-0.01	0	0	0.008796459	0.569	0.178	0.499
Yuquan_Table_131029_Aft_seg.xml	1.02	0.148	-0.02	0	0	6.195919	0.082	0.141	0.06560668	0.573	0.458	-0.02	0	0	6.230825	0.569	0.261	0.5108746
Yuquan_Table_131029_Eve_seg.xml	1.27	0.183	-0.02	0	0	0.06806784	0.095	0.136	0.05600202	0.639	0.467	-0.02	0	0	0.07068584	0.632	0.2160444	0.541485
Yuquan_Table_131029_Mor_seg.xml	1.01	0.16	-0.02	0	0	0.09581857	0.08282769	0.1383877	0.062	0.586	0.471	-0.02	0	0	0.09651671	0.5724674	0.275	0.5113219
Yuquan_Table_131030_Aft_seg.xml																		
Yuquan_Table_131101_Aft_seg.xml	0.993	0.254	0	0	0	6.195919	0.08426725	0.123	0.045	0.531	0.489	0.01	6.283185	0	0.04118977	0.5741419	0.188	0.4889328
Yuquan_Table_131101_Eve_seg.xml	1.27	0.179	-0.01	0	0	0.1090831	0.097	0.1576063	0.045	0.648	0.499	2.24e-10	0	0	0.08569566	0.619	0.084	0.4957656
Yuquan_Table_131101_Mor_seg.xml	1.03	0.207	0	0	0	0.2460914	0.082	0.118	0.05	0.529	0.496	0.02	6.283185	0	6.283185	0.566	0.22	0.5
Yuquan_Table_131106_Aft_seg.xml	1.02	0.361	-0.005	0	0	0.1141445	0.1031299	0.1477939	0.05667742	0.547	0.664	0	0	0	6.265732	0.5907084	0.2389052	0.4995315
Yuquan_Table_131106_Mor_seg.xml	1	0.202	-0.01	0	0	0.1302016	0.1009584	0.1509038	0.05862325	0.522	0.486	-0.05	0	0	0.06422812	0.593	0.2324591	0.5458416
Yuquan_Table_131107_Mor_seg.xml	1.01	0.236	-0.02	0	0	6.213372	0.07495672	0.133	0.05	0.592	0.605	-0.02	0	0	6.143559	0.5622132	0.25	0.485
Yuquan_Table_131109_Aft_seg.xml	0.992	0.191	-0.02	0	0	0.2548181	0.08716797	0.1386921	0.059	0.533	0.459	-0.02	0	0	0.1288053	0.554	0.254	0.493906
Yuquan_Table_131109_Mor_seg.xml	0.922	0.37	-0.01	0	0	6.248279	0.084	0.1294752	0.052	0.505	0.647	-0.02	0	0	0.03036873	0.5513657	0.266	0.4954069
Yuquan_Table_131111_Aft_seg.xml	0.954	0.0815	0.002	0	0	0.159174	0.056	0.092	0.048	0.5	0.486	-0	0	0.03490658	0.01745329	0.545	0.147	0.487
Yuquan_Table_131111_Eve_seg.xml	0.985	0.163	0	0	0	0.1251401	0.056	0.104	0.04	0.54	0.495	0	0	0	0	0.525	0.133	0.486
Yuquan_Table_131113_Mor_seg.xml	1.01	0.126	-0	0	0	0.2792527	0.05	0.098	0.042	0.52	0.495	-0.002	0	0	0.01745329	0.548	0.184	0.477
Yuquan_Table_131114_Eve_seg.xml	1	0.185	-0.02	0	0	0.2251475	0.08	0.14	0.068	0.53	0.515	-0.02	0	0.03490658	6.265732	0.55	0.17	0.4965155
Yuquan_Table_131114_Mor_seg.xml	1	0.096	-0.01	0	0	0.4468043	0.08850078	0.1163549	0.05756112	0.525	0.525	-0.01	0	0	6.283185	0.5521645	0.16	0.4970728
Yuquan_Table_131115_Mor_seg.xml	1.01	0.18	-0.01	0	0	0.3490658	0.06	0.117	0.06600558	0.525	0.519	-0.01	0	0.03490658	6.265732	0.5628698	0.1734901	0.5122756
Yuquan_Table_131116_Aft_seg.xml	0.643	0.131	-0.008	0	0	0.1745329	0.0962043	0.1439916	0.06225357	0.119	0.478	-0.02	0	0	0.02076942	0.5765978	0.2294521	0.532
