	cup_spoon_x_diff	cup_spoon_y_diff	cup_spoon_z_diff	cup_spoon_length_ratio	cup_spoon_width_ratio	cup_spoon_height_ratio
table_1	0.35400000000000004	0.16	0.0	2.0	0.39999999999999997	3.523809523809524
table_10	0.34400000000000003	0.145	0.0	2.0	0.39999999999999997	3.523809523809524
table_2	0.35700000000000004	0.141	0.0	2.0	0.39999999999999997	3.523809523809524
table_3	0.35500000000000004	0.13799999999999998	0.0	2.0	0.39999999999999997	3.523809523809524
table_4	0.333	0.17	0.0	2.0	0.39999999999999997	3.523809523809524
table_5	0.324	0.139	0.0	2.0	0.39999999999999997	3.523809523809524
table_6	0.34500000000000003	0.126	0.0	2.0	0.39999999999999997	3.523809523809524
table_7	0.34500000000000003	0.157	0.0	2.0	0.39999999999999997	3.523809523809524
table_8	0.365	0.14200000000000002	0.0	2.0	0.39999999999999997	3.523809523809524
table_9	0.35600000000000004	0.156	0.0	2.0	0.39999999999999997	3.523809523809524
