	cup_plate_x_diff	cup_plate_y_diff	cup_plate_z_diff	cup_plate_length_ratio	cup_plate_width_ratio	cup_plate_height_ratio
table_1	0.24799999999999997	0.15	0.0	0.37209302325581395	0.37209302325581395	1.761904761904762
table_10	0.254	0.129	0.0	0.37209302325581395	0.37209302325581395	1.761904761904762
table_2	0.251	0.121	0.0	0.37209302325581395	0.37209302325581395	1.761904761904762
table_3	0.24599999999999997	0.17099999999999999	0.0	0.3738317757009346	0.37209302325581395	1.761904761904762
table_4	0.226	0.201	0.0	0.3738317757009346	0.37209302325581395	1.761904761904762
table_5	0.227	0.199	0.0	0.37209302325581395	0.37209302325581395	1.761904761904762
table_6	0.23700000000000002	0.159	0.0	0.37209302325581395	0.37209302325581395	1.761904761904762
table_7	0.254	0.118	0.0	0.37209302325581395	0.37209302325581395	1.761904761904762
table_8	0.257	0.10300000000000001	0.0	0.37209302325581395	0.37209302325581395	1.761904761904762
table_9	0.258	0.08100000000000002	0.0	0.37209302325581395	0.37209302325581395	1.761904761904762
