	plate_spoon_x_diff	plate_spoon_y_diff	plate_spoon_z_diff	plate_spoon_length_ratio	plate_spoon_width_ratio	plate_spoon_height_ratio
table_1	0.10600000000000005	0.010000000000000009	0.0	5.375	1.075	2.0
table_10	0.08999999999999998	0.016	0.0	5.375	1.075	2.0
table_2	0.106	0.01999999999999999	0.0	5.375	1.075	2.0
table_3	0.10900000000000006	-0.033	0.0	5.35	1.075	2.0
table_4	0.107	-0.031	0.0	5.35	1.075	2.0
table_5	0.09699999999999999	-0.06	0.0	5.375	1.075	2.0
table_6	0.10800000000000001	-0.033	0.0	5.375	1.075	2.0
table_7	0.09099999999999998	0.03900000000000001	0.0	5.375	1.075	2.0
table_8	0.10800000000000001	0.03900000000000001	0.0	5.375	1.075	2.0
table_9	0.09799999999999999	0.07499999999999998	0.0	5.375	1.075	2.0
