	cup_x	cup_y	cup_z	cup_length	cup_width	cup_height
table_1	0.46399999999999997	0.251	0.0	0.08	0.08	0.07400000000000001
table_10	0.45899999999999996	0.244	0.0	0.08	0.08	0.07400000000000001
table_2	0.46799999999999997	0.24	0.0	0.08	0.08	0.07400000000000001
table_3	0.462	0.23800000000000002	0.0	0.08	0.08	0.07400000000000001
table_4	0.44	0.268	0.0	0.08	0.08	0.07400000000000001
table_5	0.439	0.263	0.0	0.08	0.08	0.07400000000000001
table_6	0.46299999999999997	0.249	0.0	0.08	0.08	0.07400000000000001
table_7	0.462	0.248	0.0	0.08	0.08	0.07400000000000001
table_8	0.46	0.23199999999999998	0.0	0.08	0.08	0.07400000000000001
table_9	0.46299999999999997	0.228	0.0	0.08	0.08	0.07400000000000001
