	plate_x	plate_y	plate_z	plate_roll	plate_pitch	plate_yaw	plate_length	plate_width	plate_height	cup_x	cup_y	cup_z	cup_roll	cup_pitch	cup_yaw	cup_length	cup_width	cup_height	spoon_x	spoon_y	spoon_z	spoon_roll	spoon_pitch	spoon_yaw	spoon_length	spoon_width	spoon_height
table_1	0.216	0.101	0.0	0.0	0.0	6.283	0.215	0.215	0.042	0.464	0.251	0.0	0.0	0.0	6.283	0.08	0.08	0.074	0.11	0.091	0.0	0.0	0.0	6.283	0.04	0.2	0.021
table_10	0.205	0.115	0.0	0.0	0.0	6.283	0.215	0.215	0.042	0.459	0.244	0.0	0.0	0.0	6.283	0.08	0.08	0.074	0.115	0.099	0.0	0.0	0.0	0.07	0.04	0.2	0.021
table_2	0.217	0.119	0.0	0.0	0.0	6.283	0.215	0.215	0.042	0.468	0.24	0.0	0.0	0.0	6.283	0.08	0.08	0.074	0.111	0.099	0.0	0.0	0.0	6.283	0.04	0.2	0.021
table_3	0.216	0.067	0.0	0.0	0.0	6.283	0.214	0.215	0.042	0.462	0.238	0.0	0.0	0.0	6.283	0.08	0.08	0.074	0.107	0.1	0.0	0.0	0.0	6.283	0.04	0.2	0.021
table_4	0.214	0.067	0.0	0.0	0.0	6.283	0.214	0.215	0.042	0.44	0.268	0.0	0.0	0.0	6.283	0.08	0.08	0.074	0.107	0.098	0.0	0.0	0.0	6.283	0.04	0.2	0.021
table_5	0.212	0.064	0.0	0.0	0.0	6.283	0.215	0.215	0.042	0.439	0.263	0.0	0.0	0.0	6.283	0.08	0.08	0.074	0.115	0.124	0.0	0.0	0.0	6.283	0.04	0.2	0.021
table_6	0.226	0.09	0.0	0.0	0.0	6.283	0.215	0.215	0.042	0.463	0.249	0.0	0.0	0.0	6.283	0.08	0.08	0.074	0.118	0.123	0.0	0.0	0.0	0.035	0.04	0.2	0.021
table_7	0.208	0.13	0.0	0.0	0.0	6.283	0.215	0.215	0.042	0.462	0.248	0.0	0.0	0.0	6.283	0.08	0.08	0.074	0.117	0.091	0.0	0.0	0.0	0.035	0.04	0.2	0.021
table_8	0.203	0.129	0.0	0.0	0.0	6.283	0.215	0.215	0.042	0.46	0.232	0.0	0.0	0.0	6.283	0.08	0.08	0.074	0.095	0.09	0.0	0.0	0.0	0.07	0.04	0.2	0.021
table_9	0.205	0.147	0.0	0.0	0.0	6.283	0.215	0.215	0.042	0.463	0.228	0.0	0.0	0.0	6.283	0.08	0.08	0.074	0.107	0.072	0.0	0.0	0.0	0.105	0.04	0.2	0.021
