	spoon_x	spoon_y	spoon_z	spoon_length	spoon_width	spoon_height
table_1	0.11	0.091	0.0	0.04	0.2	0.021
table_10	0.115	0.099	0.0	0.04	0.2	0.021
table_2	0.111	0.099	0.0	0.04	0.2	0.021
table_3	0.107	0.1	0.0	0.04	0.2	0.021
table_4	0.107	0.098	0.0	0.04	0.2	0.021
table_5	0.115	0.124	0.0	0.04	0.2	0.021
table_6	0.11800000000000001	0.12300000000000001	0.0	0.04	0.2	0.018000000000000002
table_7	0.11699999999999999	0.091	0.0	0.04	0.2	0.021
table_8	0.095	0.09	0.0	0.04	0.2	0.021
table_9	0.107	0.07200000000000001	0.0	0.04	0.2	0.021
